5
3
370
37
4
7
3
4
8
1
12
379
14
47
16
12
18
14
22
23
388
21
22
25
21
25
26
31
32
21
35
36
30
33
34
35
127
41
40
31
45
43
40
43
44
50
46
49
406
41
52
49
50
53
59
60
24
57
58
59
58
61
62
68
69
67
34
67
68
66
68
71
163
78
79
80
76
77
80
71
78
86
87
85
442
90
86
89
90
81
95
93
118
93
94
97
93
97
98
102
102
103
470
137
106
107
103
107
111
113
112
479
112
115
116
112
116
28
122
111
488
126
120
123
124
125
130
218
130
121
135
133
130
167
134
46
227
139
140
497
142
143
140
143
148
150
114
149
506
149
152
149
152
157
159
157
158
515
158
156
158
161
166
168
169
170
166
167
170
161
168
175
177
178
179
180
176
179
180
171
91
183
208
185
542
187
183
189
185
181
192
193
218
193
196
197
193
197
200
110
202
200
570
205
206
202
206
209
211
201
212
579
210
213
216
212
220
217
220
211
588
223
220
225
221
229
230
229
230
221
232
233
230
233
236
146
204
239
236
597
242
239
242
245
155
247
248
245
606
246
248
251
256
164
259
260
258
615
260
251
258
265
266
268
269
270
234
269
270
261
274
275
277
278
279
633
276
277
278
282
284
286
308
283
642
285
286
287
290
281
295
293
318
651
294
297
293
299
301
302
310
301
304
337
301
305
310
307
311
313
315
679
312
313
314
319
320
317
320
311
688
323
320
323
325
326
327
328
329
330
331
332
333
337
338
339
338
341
342
331
350
341
346
347
348
350
346
347
706
349
348
355
356
357
359
360
356
715
360
351
364
365
273
368
369
367
724
367
368
361
374
282
398
373
376
733
376
377
380
371
291
383
408
385
742
387
383
389
391
392
395
396
418
393
394
395
40
397
401
310
405
403
770
403
404
407
410
407
319
401
412
779
412
413
416
419
420
328
509
419
422
419
422
425
428
429
337
518
428
421
440
431
434
437
438
439
404
437
440
797
438
443
446
447
448
450
446
449
806
449
94
455
454
487
545
457
458
815
458
463
464
465
466
554
466
467
824
467
470
461
472
382
498
475
476
833
476
481
478
479
391
486
484
481
484
485
488
489
491
481
495
490
492
493
494
500
496
497
500
410
502
500
870
503
509
505
506
483
508
513
509
879
512
518
514
515
518
493
516
517
888
521
527
523
524
527
437
618
530
521
540
536
532
537
538
539
504
539
540
897
545
541
544
577
544
547
544
547
548
553
194
553
554
587
556
557
554
557
562
563
562
563
473
565
566
563
924
571
572
569
572
482
574
575
572
575
578
581
578
571
491
580
584
581
584
590
586
587
590
581
592
590
592
593
599
600
596
573
600
510
602
600
970
608
609
605
608
609
519
607
609
611
617
618
614
619
620
593
620
611
988
626
627
623
626
627
537
629
630
627
635
636
634
667
634
635
634
637
638
643
645
643
644
677
644
647
644
647
650
641
652
653
650
687
656
653
656
661
662
663
670
661
662
754
664
665
668
671
672
303
674
675
698
673
674
680
676
677
680
671
684
680
708
683
689
690
686
689
690
681
692
690
718
698
699
700
340
697
698
699
699
701
707
708
709
707
710
707
708
701
709
716
717
718
716
719
720
717
720
711
725
726
727
723
724
725
637
725
728
733
735
736
734
767
734
646
734
737
740
731
745
743
744
777
655
747
744
751
752
753
394
751
752
787
752
755
758
761
762
751
770
761
673
854
764
770
766
771
772
769
774
682
798
773
779
780
776
781
780
771
691
780
808
788
789
790
788
789
791
792
881
791
797
798
799
800
796
797
798
710
799
806
807
808
809
807
810
807
719
801
815
816
814
847
814
815
818
814
816
823
825
823
824
857
824
827
737
825
830
821
832
833
830
867
836
746
834
841
842
843
845
841
842
845
755
843
848
851
852
841
494
851
850
853
852
860
856
857
860
851
858
863
773
861
869
870
866
871
872
861
872
782
898
878
879
880
844
877
878
879
878
880
887
888
889
890
854
887
888
881
889
896
897
898
899
900
896
897
900
810
905
906
904
937
909
905
908
909
819
913
915
916
917
947
914
917
918
828
920
911
925
926
927
957
926
927
837
931
932
933
935
936
932
935
936
846
938
941
942
931
945
941
944
945
855
950
946
951
950
941
594
953
950
953
959
960
956
959
960
951
962
963
873
968
969
970
934
971
972
969
972
882
977
978
979
980
944
981
978
971
891
986
987
988
989
990
986
987
990
981
