1
2
3
4
5
6
7
8
9
10
11
12
169
26
16
13
18
14
20
16
22
18
24
20
181
29
28
25
30
31
32
28
34
35
36
32
40
41
42
52
42
43
88
43
46
47
43
47
4
53
54
55
54
55
56
101
58
59
60
56
217
63
66
67
61
78
66
67
70
66
70
71
229
75
76
79
73
81
91
79
82
83
79
83
241
87
88
89
85
91
87
89
94
95
96
92
253
99
100
101
97
103
104
100
106
107
104
107
265
114
115
116
109
115
118
119
120
130
118
119
277
126
127
128
121
127
82
131
132
126
143
131
289
138
139
140
141
139
140
95
140
143
139
141
301
150
151
152
153
151
152
153
108
155
156
152
158
159
193
781
162
163
159
160
166
167
163
164
171
182
170
171
174
170
174
175
178
174
178
179
183
185
195
183
186
187
183
187
190
191
187
191
37
197
198
208
198
199
200
196
202
203
204
200
49
207
208
205
210
211
208
211
214
215
211
215
220
219
222
223
224
234
222
223
226
222
226
227
232
231
232
235
236
237
247
235
238
239
235
239
244
243
244
199
244
247
243
260
250
247
252
248
256
255
256
257
212
259
260
256
262
263
260
263
268
270
271
272
273
271
274
275
276
286
274
275
280
282
283
284
285
283
238
283
284
282
299
287
292
294
295
296
297
295
296
251
296
299
295
312
304
306
307
308
309
307
308
309
264
311
312
308
316
470
314
315
318
314
318
319
322
318
322
323
313
482
326
327
330
326
330
331
334
330
334
335
339
340
351
339
342
343
339
343
346
347
343
347
315
349
507
350
354
351
356
352
358
354
360
356
364
361
519
363
366
363
366
367
370
366
370
371
376
377
531
375
376
390
378
379
382
378
382
383
388
389
342
387
388
1011
403
391
394
395
391
395
400
401
555
355
400
1023
399
401
406
403
408
404
412
413
567
413
368
1035
411
415
418
415
418
419
424
425
579
423
424
381
430
431
432
442
430
431
436
437
591
435
436
1059
435
443
444
438
455
443
448
449
603
447
448
451
447
451
452
455
451
453
460
461
615
459
465
463
459
465
420
467
463
467
472
473
627
471
474
475
471
475
478
479
475
479
469
485
481
483
486
487
483
487
490
491
487
491
495
496
651
495
498
499
495
499
502
503
499
503
471
505
509
506
510
511
512
508
514
515
516
512
520
517
521
508
522
523
520
523
526
527
523
527
532
533
497
688
532
546
532
535
538
534
535
539
544
545
387
700
544
549
559
547
550
551
547
551
556
557
558
511
556
559
1180
557
562
563
564
560
568
569
570
569
524
571
1192
568
574
575
572
575
580
581
582
736
580
583
586
587
588
598
586
587
592
593
594
748
592
595
550
599
600
594
611
599
604
605
606
760
604
607
608
563
608
611
607
609
616
617
618
772
621
619
620
621
576
623
624
620
637
629
630
625
630
631
632
628
634
635
636
632
3
641
642
644
642
643
1264
643
646
647
643
647
15
652
663
808
654
651
656
652
658
654
660
656
27
664
665
820
666
667
668
664
670
671
672
668
52
640
677
678
678
679
1313
725
682
683
679
680
64
689
688
690
845
702
690
691
694
690
694
695
76
701
700
666
857
699
715
701
706
707
703
704
88
713
712
556
869
715
712
713
718
719
720
716
722
725
726
727
881
727
728
716
730
731
728
731
112
737
738
739
893
693
742
743
737
754
742
743
124
749
750
751
905
751
706
755
756
750
767
755
136
761
762
763
917
763
764
719
764
767
763
765
770
773
774
775
929
775
776
777
773
779
780
776
793
783
784
628
786
787
784
787
790
791
787
791
796
797
798
799
798
799
800
1421
802
803
804
800
806
172
819
807
810
807
810
811
814
810
814
815
818
184
821
817
822
823
820
823
826
827
823
827
784
196
833
834
834
835
869
1457
838
839
835
836
842
221
844
846
847
858
846
847
850
846
850
851
854
233
856
857
859
861
871
859
862
863
859
863
866
245
868
869
865
871
868
884
874
875
876
872
878
257
880
881
877
883
884
881
886
887
884
887
890
269
894
895
896
895
898
899
900
910
898
899
902
281
906
907
908
907
862
911
912
906
923
911
917
293
918
919
920
919
920
875
920
923
919
936
926
305
930
931
932
931
932
933
888
935
936
932
941
939
942
943
944
1098
942
943
946
942
946
947
937
951
954
955
956
1110
954
955
958
954
958
959
964
965
975
963
964
963
966
967
970
966
970
971
976
977
341
988
976
1134
976
979
982
983
979
983
940
985
988
990
986
1146
990
991
994
990
994
995
1001
997
1000
1002
1003
1158
1002
1003
1006
1002
1006
1007
1013
1014
1012
1013
1015
1016
1027
1015
1018
1019
1015
1019
1025
1026
1024
1027
991
1025
1183
1040
1030
1027
1030
1031
1037
1038
1036
1039
1040
1004
1195
1039
1042
1039
1042
1043
1049
1050
1048
1051
1052
1053
1207
1051
1052
1066
1054
1055
1061
1062
1060
1063
1064
1065
1018
1063
1064
1687
1079
1067
1073
1074
1072
1075
1076
1077
1231
1031
1076
1699
1075
1077
1085
1086
1084
1087
1088
1089
1243
1089
1044
1091
1092
1088
1097
1095
1096
1099
1100
1101
1255
1099
1102
1103
1099
1103
1093
1107
1108
1111
1112
1113
1267
1111
1114
1115
1111
1115
1120
1121
1131
1123
1124
966
1279
1123
1126
1747
1123
1127
1132
1133
1134
1144
1132
1137
1132
1135
1138
1139
1135
1139
1096
1141
1144
510
1142
1143
1303
1145
1150
1151
1152
1148
1157
1153
1156
1157
1159
1161
1315
1159
1162
1163
1159
1163
1169
1170
1168
1169
1171
1172
1327
1171
1174
1795
1171
1175
1181
1182
1180
1181
1147
1181
1179
1196
1183
1820
1188
1184
1193
1194
1192
1193
1194
1160
1191
1193
1198
1199
1196
1199
1205
1206
1207
1205
1208
1209
1173
1364
1208
1222
1208
1211
1217
1218
1216
1217
1220
1221
1215
1376
1220
1219
1235
1223
1229
1230
1228
607
1232
1233
1234
1388
1232
1235
1856
1233
1241
1242
1240
1241
1244
1245
1246
1245
1200
1247
1248
1244
1253
1251
1252
631
1252
1255
1251
1253
1258
1255
1260
1256
1249
1263
1264
1261
1264
1267
1263
1424
1270
1267
1272
1268
1276
1277
1287
1275
1280
1279
1275
1436
1282
1279
1904
1280
1288
1289
1290
1300
1292
1291
1135
1448
1294
1295
1916
1292
1252
1297
1302
1303
1298
1305
1306
1301
1306
1307
1308
1304
1313
1309
1312
1313
1301
1315
1312
1472
1318
1315
1318
1319
1325
1326
1324
1327
691
1328
1339
1484
1330
1327
1952
1328
1337
1338
1336
1337
1338
1340
1341
1496
1342
1343
1964
1340
1349
1350
1348
1349
728
1316
1352
1348
1354
1352
1989
1401
1361
1362
1363
1364
1362
1365
1364
1366
1521
1378
1366
1367
1373
1374
1375
1376
752
1377
1376
1342
1533
1375
1391
1377
1385
1386
1384
1385
764
1385
1388
1384
1545
1391
1388
1389
1397
1398
1396
1397
1398
1401
1400
1396
1557
1403
1404
1392
1409
1407
1408
1409
788
1411
1412
1408
1414
1415
1412
1415
1405
1419
1420
1417
1420
1423
1424
1420
1426
1427
1424
1427
1432
1433
1443
1431
1432
1435
1431
1435
1438
1435
1438
1439
1444
1445
1446
1456
1444
1447
1448
1444
1450
1451
1448
1451
1408
1453
1458
1459
1454
1459
1460
1304
1462
1463
1460
1463
1469
1421
1468
1469
1457
1471
1472
1469
1474
1475
1472
1475
1481
1482
1480
1483
1484
848
1495
1483
1486
1483
1486
1487
1493
1494
1492
1493
1496
860
1497
1508
1498
1499
1496
1499
1505
1506
1504
1505
1460
872
1508
1504
1510
1508
1510
1511
1517
1518
1519
1520
1521
897
1520
1522
1523
1534
1522
1523
1529
1530
1531
1532
1533
909
1532
1498
1532
1531
1547
1535
1541
1542
1540
1541
1542
921
1544
1545
1511
1547
1544
1560
1553
1554
1552
1553
1554
933
1556
1557
1553
1559
1560
1557
1565
1566
1567
1568
1569
1567
1570
1571
1572
1726
1570
1571
1561
1578
1579
1580
1581
1579
1582
1583
1584
1738
1582
1583
1588
1589
1599
1587
1588
969
1594
1595
1596
1750
1594
1595
1600
1601
1602
1612
1600
1603
1606
1607
1608
1762
1606
1607
1564
1609
1614
1615
1610
993
1618
1619
1613
1774
1618
1619
1625
1621
1626
1627
1628
1627
1630
1631
1632
1786
1630
1631
1637
1638
1636
1639
1640
1641
1651
1639
1640
1639
1642
1643
1649
1650
1651
1603
1652
1653
1017
1664
1652
1810
1654
1655
1661
1662
1663
1664
1616
1661
1029
1666
1677
1822
1666
1667
1673
1674
1675
1676
1674
1629
1041
1678
1679
1834
1678
1679
1685
1686
1687
1688
1689
1690
1688
1689
1691
1692
1703
1691
1697
1698
1699
1700
1701
1702
1700
1703
1700
1701
1859
1702
1709
1710
1711
1712
1713
1714
1712
1715
1714
1680
1871
1715
1721
1722
1723
1724
1725
1723
1102
1723
1724
1722
1883
1727
1717
1734
1735
1736
1737
1735
1114
1735
1736
1734
1895
1739
1744
1745
1755
1743
1744
1747
1743
1751
1752
1746
1907
1751
1756
1757
1758
1768
1756
1759
1138
1763
1764
1758
1919
1763
1720
1765
1770
1771
1766
1771
1772
1775
1776
1770
1931
1775
1781
1777
1782
1783
1784
1783
1162
1783
1784
1782
1943
1787
1793
1794
1792
1795
1796
1797
1807
1799
1800
1642
1955
1799
1805
1806
1804
1759
1808
1809
1803
1820
1808
1807
1808
1811
1817
1818
1816
1817
1772
1817
1820
1816
1824
1819
1979
1823
1829
1830
1831
1832
1830
1785
1832
1198
1835
1831
1991
1835
1841
1842
1843
1844
1845
1846
1844
1210
1847
1848
2003
1847
1853
1854
1855
1856
1857
1858
1856
1857
1823
1857
1855
1858
1865
1866
1867
1868
1869
1870
1868
1869
1872
1836
1867
1860
1877
1878
1879
1880
1881
1879
1880
1259
1880
1883
1879
1881
1873
1890
1891
1892
1893
1891
1892
1271
1892
1895
1891
2052
1900
1901
1911
1899
1900
1903
1899
1903
1904
1907
1903
1905
1912
1913
1914
1924
1912
1915
1916
1912
1916
1919
1915
1917
1876
1921
1926
1927
1929
1927
1928
1307
1928
1931
1927
1929
1937
1933
1938
1939
1940
1939
1940
1319
1940
1943
1939
1941
1949
1950
1948
1951
1952
1953
1963
1951
1952
1955
1951
1953
1961
1962
1960
1961
1964
1965
1959
1976
1964
1963
1966
1965
1973
1974
1972
1973
1928
1973
1976
1972
1974
1979
1976
1977
1985
1986
1987
1988
1989
1941
1988
1989
1977
1991
1988
2148
1997
1998
1999
2000
2001
2002
1954
2001
1367
2001
2015
2160
2009
2010
2011
2012
2013
2014
2012
2013
1379
2013
2011
2172
2021
2022
2023
2024
2025
2026
2024
2025
1404
2025
2028
2024
2033
2034
2035
2036
2037
2035
2036
2037
1416
2039
2040
2036
2029
2046
2047
2048
2049
2047
2048
2049
1428
2051
2052
2048
2056
2057
2067
2055
2061
2059
2055
2061
1440
2063
2059
2063
2068
2069
2070
2080
2073
2071
2072
2073
1452
2075
2076
2072
2032
2081
2082
2083
2085
2083
2084
2085
1464
2087
2088
2084
2093
2045
2092
2093
2081
2095
2096
2097
1476
2099
2100
2096
2105
2106
2104
2107
2108
2109
2119
2109
1488
2111
2107
2111
2117
2118
2116
2117
2120
2121
2122
2132
1500
2123
2124
2120
2129
2130
2128
2129
2084
2129
2132
2128
2130
2135
2136
1980
2141
2142
2140
2141
2142
2097
2144
2145
2141
2147
2148
2145
2153
2154
2155
2156
2157
2158
2156
2159
2158
1524
2171
2159
2165
2166
2167
2168
2169
2170
2168
2123
2172
1536
2167
2184
2177
2178
2179
2180
2181
2182
2180
2181
2136
1548
2184
2180