1
2
3
4
5
6
7
8
9
10
11
12
13
14
15
1
21
22
16
19
20
21
19
23
24
25
23
27
28
29
32
17
37
35
32
35
36
39
35
39
40
43
39
43
44
47
48
33
50
51
48
51
54
55
51
55
58
59
55
59
4
61
62
63
62
65
66
69
65
69
70
73
69
73
74
80
20
77
78
65
78
81
80
83
84
85
83
87
88
89
95
96
92
93
96
81
101
99
96
99
100
103
99
103
104
110
111
112
108
111
112
97
114
115
112
115
118
119
115
119
125
126
127
128
68
125
126
127
126
129
130
133
129
133
134
140
141
142
143
141
84
141
142
140
142
145
144
149
145
149
155
156
157
158
159
160
100
157
160
145
158
163
160
163
164
170
171
172
173
174
175
176
172
175
176
161
178
179
176
179
185
186
187
188
189
190
191
192
132
189
190
191
190
193
194
200
201
202
203
204
205
206
207
205
148
205
206
204
206
209
215
216
217
218
219
220
221
222
220
221
164
221
224
220
222
230
231
232
233
234
235
236
237
238
239
240
180
239
240
225