1
2
3
4
5
6
7
8
9
10
11
1
17
18
12
15
16
17
15
19
20
21
24
13
29
27
24
27
28
31
27
31
32
35
36
25
38
39
36
39
42
43
39
43
4
45
46
47
46
49
50
53
49
53
54
60
16
57
58
49
58
61
60
63
64
65
71
72
68
69
72
61
77
75
72
75
76
82
83
84
80
83
84
73
86
87
84
87
93
94
95
96
52
93
94
95
94
97
98
104
105
106
107
105
64
105
106
104
106
109
115
116
117
118
119
120
76
117
120
109
118
126
127
128
129
130
131
132
128
131
132
121