5
4060
370
3
4
2
3
7
8
1
4069
379
10
47
16
12
13
14
22
23
388
21
22
25
21
25
26
31
32
21
35
36
30
33
34
35
127
41
40
31
45
43
40
43
44
50
46
49
406
41
52
49
50
53
145
55
24
57
58
59
58
61
62
68
69
67
34
67
68
66
68
71
163
78
79
80
76
77
80
71
78
86
87
85
442
90
86
89
90
81
95
4150
92
93
94
92
96
97
98
10
4159
103
470
137
101
107
103
107
111
113
112
479
112
147
116
112
116
1108
122
111
488
126
120
123
124
125
130
218
4177
129
135
129
132
167
134
46
227
4186
140
497
138
143
140
143
148
150
4195
147
148
149
148
151
152
157
159
160
158
515
158
151
158
161
166
168
169
170
166
167
170
161
168
175
177
4222
179
180
176
179
180
171
91
4240
208
181
542
182
183
184
185
181
4249
190
218
193
191
192
193
197
200
110
202
200
570
237
206
202
206
209
211
201
212
579
210
213
216
212
220
217
4267
211
588
223
220
225
221
229
230
229
230
221
232
233
230
233
236
146
4285
239
236
239
242
239
242
245
155
250
248
245
606
241
248
251
256
164
4303
260
258
615
260
251
258
265
266
4312
269
270
234
269
270
261
274
275
298
273
274
633
273
277
278
271
284
280
308
283
642
285
286
287
290
281
295
293
318
651
294
297
293
1288
298
299
299
301
304
337
304
305
310
307
311
313
315
679
312
313
314
319
320
317
320
311
688
323
320
323
325
326
327
328
329
330
331
332
333
1324
334
335
334
337
338
331
350
341
346
347
348
350
346
347
706
349
348
355
356
357
359
360
356
715
360
351
364
365
273
368
369
363
366
367
368
361
374
282
398
378
372
733
376
377
380
371
291
383
408
385
742
387
383
389
391
392
395
396
418
393
394
395
40
397
401
310
405
403
770
403
404
407
410
407
319
401
412
779
412
413
1405
419
420
328
509
419
430
419
422
425
428
429
337
518
428
427
440
431
1423
437
438
439
404
437
440
797
438
443
446
447
448
450
446
449
806
449
94
451
4420
364
545
457
454
815
458
451
464
4429
466
554
466
467
824
467
470
461
472
382
498
475
476
833
476
481
478
479
391
486
484
481
484
485
488
489
491
481
495
490
492
493
494
500
496
497
500
410
502
500
870
503
509
505
506
4465
508
513
509
879
512
518
514
515
518
493
516
517
888
521
527
523
524
527
437
618
530
521
540
536
532
537
538
539
504
539
540
897
545
541
544
577
544
547
544
547
548
553
194
4519
554
587
556
557
554
557
562
563
562
563
473
565
566
563
924
571
572
569
572
482
574
575
572
575
578
581
578
571
491
580
584
581
584
590
586
587
590
581
592
590
592
593
599
600
596
4555
600
510
602
600
970
608
609
605
608
609
519
607
609
611
617
618
614
619
620
593
620
611
988
626
627
623
626
627
537
629
630
627
635
636
634
667
634
635
634
637
638
643
645
643
644
677
644
647
644
647
650
641
652
653
650
687
656
653
656
1648
658
659
670
661
662
754
664
665
668
671
672
4627
674
675
698
673
674
680
676
677
680
671
684
680
708
683
689
690
686
689
690
681
692
690
718
698
699
700
340
697
698
699
699
701
707
708
709
707
710
707
708
701
709
716
717
718
716
719
720
717
720
711
725
726
727
757
724
725
637
725
728
733
735
4699
732
767
734
646
734
737
740
731
745
743
744
777
655
747
744
751
752
753
394
751
752
787
752
755
1747
761
762
751
770
761
673
854
764
770
766
771
772
769
774
682
798
773
779
780
776
781
780
771
691
780
808
788
789
790
4744
787
791
792
881
791
797
798
799
800
796
797
798
710
799
806
807
808
809
807
810
807
719
801
815
816
814
847
814
815
818
814
816
823
825
4789
824
857
824
827
737
825
830
821
832
833
830
867
836
746
834
841
842
843
845
841
842
845
755
843
848
851
852
841
494
851
850
853
852
860
856
857
860
851
858
863
773
861
869
870
866
871
872
861
872
782
898
878
879
880
844
877
878
879
878
880
887
888
889
890
854
887
888
881
889
896
897
898
899
900
896
897
900
810
905
906
904
937
909
905
908
909
819
913
915
4879
917
947
914
917
918
828
920
911
4888
926
927
957
926
927
837
931
932
933
935
936
932
935
936
846
938
941
942
931
945
941
944
945
855
950
946
951
950
941
594
953
950
953
959
960
956
959
960
951
962
963
873
968
969
970
934
971
972
969
972
882
977
978
979
980
944
981
978
971
891
986
987
988
989
990
986
987
990
981
995
1270
992
993
994
992
996
997
998
991
1279
4969
1004
1037
1006
1002
1008
1004
1012
1013
1015
1016
1017
1047
1014
1015
1016
1021
1022
1011
1025
1026
1020
1057
1024
1025
2017
1031
1030
1021
1035
1033
1030
1067
1034
1040
1036
1306
1040
1031
1042
1043
1040
1077
1049
1050
1315
1047
1048
1049
1048
1051
1052
1058
1059
1060
1056
1057
1058
1051
1058
1061
1067
1068
1069
1070
1066
1067
1070
1061
1068
1076
1077
1078
1079
1080
1076
1079
1080
1071
1085
1099
1082
1083
1084
1082
1086
1087
1088
100
1092
5150
1092
1093
1096
1092
1096
1097
109
1103
5159
1101
1102
1137
1101
1105
1106
1110
1112
1101
1120
1116
1110
1113
1114
1115
1119
1121
1120
5168
1125
1123
1120
1123
1124
136
1094
1129
5177
1121
1132
1133
1130
1133
145
1140
1138
5186
1138
1139
1138
1141
1142
1146
1149
1150
1146
1147
1148
1141
1148
1151
163
1158
1153
5204
1124
1157
1160
1151
1158
172
1167
1168
5213
1170
1166
1169
1170
1161
1174
1189
1172
1173
1532
1172
1176
1177
1178
190
1180
5240
1208
1183
1181
1185
1183
1187
199
1100
5249
1190
1192
1227
1196
1192
1196
1200
1109
1191
1210
1569
1200
1237
1204
1205
217
1118
1210
5258
1578
1213
1210
1213
1214
226
1220
1216
5267
1219
1218
1221
1222
1223
235
1136
1228
5276
1228
1587
1228
1231
1232
244
1145
1240
1236
1237
1238
1231
1238
1241
253
1154
1246
5294
1246
1605
1250
1246
1248
262
1163
1255
5303
1260
1614
1259
1260
1251
1264
1265
1353
1263
1264
1623
1263
1267
1268
280
1274
5330
1298
1278
1632
1275
1276
1277
289
1282
1285
1286
1308
1641
1284
1285
1286
1020
2279
1289
1300
1296
1660
1293
1294
1295
1029
2288
1301
1303
1305
1669
1302
1303
1304
316
1310
1307
1310
1301
1678
1313
1310
1313
325
2306
1320
1321
1322
1323
1330
1321
1322
1056
2315
1325
5375
1331
1332
1687
1340
1331
1065
1337
1338
1340
1336
1337
1696
1339
1338
1074
1346
1347
1349
1350
1346
1705
1350
1341
1354
1355
1378
1444
1359
1357
1714
1357
1358
370
1364
1360
1367
1368
1366
1723
1366
1367
1371
1361
1281
1376
1398
1371
1732
1375
1376
388
2369
1379
1385
1386
1408
1741
1384
1385
1390
2378
1391
1300
1395
1390
1760
1393
1394
1399
1400
1397
1309
1391
1399
1769
1400
1403
1408
2396
1406
1318
1499
1409
1778
1409
1412
424
2405
1415
1327
1508
1418
1411
1430
1421
1426
1427
1428
1336
1394
1427
1430
1787
1428
1435
1436
1437
1345
1440
1436
1439
1796
1431
1442
1445
1468
1443
1449
1443
1446
1447
1448
460
1454
1450
5420
1544
1452
1457
1814
1457
469
1451
1459
5429
1488
1461
1466
1823
1466
478
1102
1469
1474
1476
1498
1473
1474
1475
1480
2468
1481
1471
1485
1483
1508
1483
1484
496
1130
1487
1486
5447
1489
1490
1492
1493
1498
1139
1500
1499
5456
1503
1499
1501
1502
514
1148
1505
1510
1507
1512
1501
1878
1511
523
1157
1514
1513
5474
1608
1516
1517
1530
532
1166
1527
1522
5483
1494
1529
1530
1887
1535
1531
1558
1535
1445
1533
1538
1535
1538
550
1184
1543
5510
1543
1546
1543
1546
1547
559
1553
1549
5519
1463
1551
1556
1553
1914
568
1562
1559
5528
1561
1588
1561
1564
1565
577
1571
1568
1567
1580
1570
1572
1573
1574
586
2567
1577
1576
5537
1579
1581
1582
1583
1588
1590
1586
1589
5546
1500
1592
1590
1592
604
1599
1595
1600
5555
1598
1591
1599
1969
613
1608
1604
1603
5564
1583
1606
1609
1978
622
1617
1613
1612
5573
1527
1615
1620
1617
1625
1626
1624
1627
1628
1629
1717
1627
1628
640
1635
1630
1632
1633
1634
1633
1636
1637
649
1643
1639
1641
1642
1677
1642
1645
1646
1623
1652
1653
1660
1651
1652
1651
1654
1655
667
1661
1662
1657
1664
1665
1688
1663
1664
676
2657
1671
1666
1669
1674
1670
1698
1673
685
1680
1676
1675
1680
1671
1682
1680
1708
694
1689
1690
1684
1687
1688
1689
1689
1691
703
1698
1699
1693
1700
1697
1698
1691
1699
712
1707
1708
1702
1709
1710
1707
1710
1701
1715
1716
1738
1713
1714
1715
1713
1715
1718
730
1725
1723
5690
1723
1724
1636
1724
1727
739
1721
1735
5699
1732
1767
1645
1733
1734
748
1742
1743
1750
1741
1742
1654
1742
1745
1750
2738
1752
1753
1760
1751
1663
1751
1754
766
1724
1761
1762
5717
1764
1672
1788
1763
775
1770
1766
1765
1770
1761
1768
1770
1798
1777
1779
1780
1778
5735
1778
1779
1779
1781
793
1788
1789
1790
1786
1787
1788
1700
1789
802
1797
1798
1799
1797
1800
1797
1709
1791
1805
1806
1828
1808
1804
1805
1808
1718
1806
820
1815
1813
5780
1813
1814
1817
1813
1815
829
1811
1819
1821
1822
1823
1821
1825
1824
838
1832
1833
5798
1831
1832
1867
1745
1833
847
1841
1842
1837
1850
1841
1840
1877
1842
856
2837
1847
1846
1849
1848
1849
1763
1944
865
1860
1856
1855
1862
1859
1862
1772
1888
874
1869
1870
1864
5825
1502
1869
1868
1870
883
1878
1879
1873
5834
1877
1878
1876
1879
892
1887
1888
1882
1890
1886
1887
1890
1800
1895
1896
1918
1898
1899
1895
1898
1899
1809
910
1905
1903
5870
1908
1904
1907
1908
1818
919
1901
1909
5879
1917
1947
1911
1917
1827
928
1922
1923
5888
1926
1922
1957
1926
1836
937
1931
1932
1927
1940
1931
1930
1967
1845
946
2927
1941
1936
1939
1584
1939
1942
1943
955
1950
1946
1945
5906
1941
1948
1953
1863
964
1959
1960
1958
5915
1962
1959
1962
1872
973
1968
1969
1970
1966
1971
1968
1961
1881
982
1977
1978
1972
5933
1976
1977
1980
1971
1985
1983
2008
1983
1984
1987
1983
1987
1988
1000
1992
1990
5960
1993
1996
1992
1996
1997
1009
2003
1999
2001
2002
2037
2004
2005
2006
1018
2012
2001
2015
2016
2010
2047
2014
2015
2020
2021
2020
2011
2025
2023
2020
2057
2024
1036
3017
2296
2026
5987
2032
2029
2032
2067
1045
2040
2038
2035
2038
2039
2038
2041
2042
1054
2049
2050
2046
2047
2048
2041
2048
2051
1063
2058
2059
2060
2056
2057
2060
2051
2058
1072
2067
2065
2062
2070
2066
2069
2070
2061
2075
2089
2072
2073
2074
2072
2076
2077
2078
1990
2080
2081
2082
2083
2081
2085
2086
2087
1999
2093
2095
2096
2097
2127
2094
2095
2096
2100
2102
2091
2105
2106
2100
2137
2104
2105
2017
2111
2110
2101
2115
2113
2110
2147
2114
2026
2084
2116
2118
2119
2118
2121
2122
2157
2035
2130
2125
2127
2128
2129
2128
2131
2132
2044
2139
2140
2136
2137
2138
2131
2138
2141
2053
2148
2143
2150
2146
2147
2150
2141
2148
2062
2157
2152
2154
2160
2156
2154
2160
2151
1171
2179
2162
6212
2164
2162
2166
2167
2168
2161
2170
2189
2172
2173
2171
2175
2176
2177
2180
1190
2180
2181
2182
2217
2181
2185
2186
2190
2188
2181
6249
2196
2190
2193
2194
2195
2198
1208
2200
2198
2210
2203
2200
2237
2204
2208
2209
2209
2210
6258
2212
2213
2210
2213
2216
1226
2218
2216
6267
2219
2218
2221
2222
2226
1235
2230
2226
6276
2228
2221
2228
2231
2234
1244
2236
2234
6285
2237
2240
2236
2238
2243
1253
2245
2246
6294
2246
2249
2250
2246
1261
2255
2251
2253
2254
2613
2253
2257
2258
2251
2264
2279
2262
2263
2622
2262
2266
2267
2270
1280
2270
6330
2298
2631
2274
2275
2276
2010
2278
2282
6339
2281
2650
2317
2284
2285
2288
2290
2291
2281
2295
2659
2290
2293
2294
2297
1307
3288
2297
6348
2668
2299
2302
2303
2037
2305
2310
2306
6357
2309
2308
2311
2312
2046
2314
2319
2315
6366
2318
2677
2318
2321
2324
1334
2328
2330
6375
2327
2686
2321
2328
2333
1343
2337
2333
6384
2336
2695
2340
2331
2073
2345
2368
2348
2349
2347
2704
2347
2348
2341
2354
2350
2357
2358
2352
2713
2356
2357
2360
1370
2271
6420
2362
2365
2722
2365
2366
2369
2091
2372
6429
2371
2398
2373
2371
2375
2380
2377
2381
2290
2385
2380
2382
2383
2384
2389
1397
3378
2299
6438
2389
2759
2392
2393
2396
2128
2400
2395
6447
2399
2410
2399
2402
2407
2137
2409
2317
6456
2408
2407
2408
2411
2416
2146
2418
2326
6465
2417
2420
2777
2418
2425
2155
2427
2335
6474
2426
2429
2786
2429
2434
3422
2458
2344
2525
2437
2434
2795
2438
2431
3431
2443
2468
2534
2446
2443
2804
2447
2451
2452
2452
2362
2543
2455
2452
2813
2456
2459
2461
2462
2371
2552
2464
2461
2822
2465
2470
2467
2471
2461
2561
2470
2472
2831
2474
2477
1487
3468
2480
2390
2482
2480
2482
2483
2486
1496
3477
2489
2399
2580
2489
2491
2492
2497
2498
3486
2500
2473
2589
2491
2868
2501
2504
1514
2508
2507
2417
2598
2510
2501
2508
2513
1523
2517
2516
2426
2484
2519
2520
2877
1531
2165
2524
2521
6482
2527
2524
2527
2528
2521
2174
2530
2532
2533
2532
2535
2536
2537
2540
1550
2542
2543
6510
2545
2546
2543
2904
2549
2551
2183
2552
6519
2578
2555
2552
2555
2560
2557
3549
2551
6528
2560
2564
2561
2564
2569
2570
3558
2570
2561
2572
2570
2572
2573
2576
1586
2220
2579
2580
6537
2582
2580
2582
2587
2588
2229
2590
2589
6546
2581
2589
2591
2594
1604
2238
2599
2600
6555
2600
2591
2968
2603
1613
2247
2606
2607
6564
2609
2610
2607
1621
2616
2614
2611
2614
2615
2707
2617
2618
2611
2625
2623
2648
2623
2624
2623
2626
2627
2630
1640
2632
2630
6600
2633
2632
2635
2636
2639
1649
2643
2650
2641
2642
2641
2644
2645
2648
1658
2652
2647
2654
2655
2678
2653
2654
2659
2660
2661
2660
2651
2664
2660
2688
2663
2666
1676
3657
2669
2666
6627
2669
2671
2698
2675
1685
2680
2678
2675
2678
2679
2679
2681
2684
1694
2689
2687
2690
2687
2688
2681
2689
2693
1703
2698
2696
2693
2700
2697
2700
2691
1711
2706
2704
2701
2704
2705
2703
2705
2708
2701
2715
2710
2712
2713
2714
2712
2714
2717
2720
1730
2722
2720
6690
2723
2635
2723
2726
2703
1739
2733
2740
2731
2732
2644
2732
2735
2740
2713
2742
2743
6708
2741
2653
2741
2744
2749
1757
2751
2752
2749
2754
2662
2778
2753
2756
1766
2724
2761
2756
6717
2671
2760
2762
2765
1775
2770
2768
2765
6726
2769
2861
2771
2776
1784
2779
2780
2776
2777
2778
2690
2779
2783
1793
2788
2789
2783
2790
2787
2699
2781
1801
2796
2797
2798
2794
2795
2798
2708
2796
2791
2805
2800
2807
2803
2804
2807
2717
2805
2810
1820
2812
2810
2812
2813
2816
2812
2814
2819
2821
2823
2822
6789
2822
2857
2821
2823
2830
2827
2832
2821
6798
2831
2830
2833
2832
2839
2840
3828
2840
2831
2850
2843
2840
2934
2846
1856
3837
2851
2852
6807
2852
2762
2878
2855
1865
2860
2858
2855
2858
2859
2858
2860
2866
1874
2869
2870
2868
6825
2868
2861
2869
2873
1883
2878
2879
2880
2876
2877
2880
2790
1891
2886
2884
2881
2889
2885
2888
2889
2799
2881
2895
2890
2892
2898
2894
2892
2898
2808
2900
1910
2902
2903
6870
2903
2906
2907
2903
2909
2911
2913
2915
6879
2912
2915
2916
2826
2920
2917
2922
2911
6888
2921
2924
2925
2835
2929
2930
2931
2930
2921
2574
2933
2930
2933
2936
1946
3927
2939
2940
6897
2942
2943
2940
2945
1955
2950
2948
2945
6906
2583
2952
2862
2956
2957
2959
2960
2924
6915
2958
2951
2871
2965
2966
2968
2969
2970
2966
2967
2970
2961
1981
2973
2998
2971
2974
2977
2978
2974
2978
2971
3259
2980
2982
2983
2986
2982
2986
2987
2990
2000
2992
2990
2992
3027
2996
2992
2996
2999
2009
2991
2999
6969
3000
3037
3004
3005
3010
3007
3010
3001
6978
3013
3010
3047
3014
3019
3020
3019
3020
3011
3022
3023
3020
3023
3026
2036
3028
3029
3026
3029
3032
3029
3032
3035
2045
3040
3038
3035
3038
3031
3038
3041
3046
2054
3049
3050
3046
3047
3050
3041
3048
3053
2063
3058
3059
3060
7014
3059
3060
3051
2071
3079
3064
3061
3064
3062
3068
3064
3068
2980
3070
3071
3072
3073
3071
3075
3076
3077
2989
2090
3085
3080
3082
3117
3084
3085
3086
3090
2099
3081
3089
7059
3090
3127
3094
3092
3007
3073
3100
3091
3105
3103
3100
3137
3104
3016
3110
3106
3377
3101
3108
3109
3110
3147
3025
2126
3115
3119
3116
3119
3122
3119
3122
3034
2135
3130
3128
3125
3128
3121
3128
3131
3043
2144
3139
3140
3136
3137
3140
3131
3138
3052
2153
3142
3149
3150
3146
3149
3150
3141
3061
3169
3151
3153
3154
3157
3153
3157
3158
3151
3160
3161
3162
3163
3161
3165
3166
3167
3170
3080
3170
3171
3172
3207
3174
3175
3176
3180
3178
3171
3185
3186
3180
3217
3184
3185
3189
3190
3190
3181
7158
3193
3190
3227
3194
3197
3107
3199
3200
3468
3202
3203
3200
3203
3206
3116
3208
3206
3208
3209
3208
3211
3212
3216
3125
3220
3216
3217
3218
3211
3218
3221
3224
3134
3229
3230
3226
3227
3230
3221
3228
3233
3143
3235
3233
3240
3236
3239
3240
3231
3242
2252
3333
3242
3244
3603
3248
3244
3248
3241
2261
3269
3251
3253
3612
3257
3253
3257
3260
3251
3260
3261
3262
3621
3261
3265
3266
3000
3270
2280
3270
7330
3640
3307
3271
3275
3278
3280
3278
3271
7339
3649
3280
3283
3284
3287
3289
3290
3290
3281
3658
3293
3290
3293
3027
3297
2307
3299
3297
7348
3302
3299
3302
3036
3306
2316
3308
3306
7357
3667
3308
3311
3045
3316
2325
3320
3316
7366
3676
3311
3318
3323
3324
2334
3329
3330
7375
3685
3330
3321
3063
2342
3358
3332
7383
3337
3694
3337
3338
3331
2351
3340
3341
3343
3342
3703
3346
3347
3351
3341
3261
3356
3357
3351
3712
3355
3356
3359
3360
2370
3360
7420
3388
3365
3361
3365
3370
3367
3368
3280
7429
3370
3372
3373
3371
3379
3378
3380
3289
3371
3379
3383
3380
3383
3386
3118
3386
3385
3387
7438
3392
3389
3392
3397
3127
2406
3307
3396
7447
3397
3398
3401
3406
3136
3404
3316
3405
7456
3410
3767
3408
3415
3414
2424
3325
3417
7465
3419
3776
3411
3422
3154
3448
3334
7473
3427
3424
3785
3428
3421
3163
3430
3458
7482
3432
3433
3794
3437
3440
3431
3442
3440
3447
3445
3442
3445
3446
3449
3451
3172
3361
7510
3454
3451
3812
3455
3460
3457
3458
3451
7519
3460
3462
3821
3464
3469
3470
3467
3470
3380
3472
3470
3840
3473
3476
3477
3209
3479
3476
7528
3479
3481
3480
3487
3486
3218
3490
3463
7537
3481
3858
3491
3496
3497
3227
3497
3407
7546
3500
3491
3498
3505
3506
3236
3506
3416
7555
3509
3506
3867
3514
3515
3538
3515
3425
3517
3518
3515
3876
3511
3524
3523
3548
3434
3526
3527
3524
3885
3530
3521
3532
3533
3558
3535
3536
3533
3894
3539
3541
3542
3542
3452
3568
3545
3542
3903
3550
3549
3551
3541
3461
3550
3554
3551
3912
3559
3560
3557
3560
3551
3562
3560
3562
3921
3568
3569
3570
3569
3570
3480
3572
3570
3940
3577
3578
3579
3580
3579
3489
3571
3579
3581
3586
3587
3588
3589
3590
3563
3590
3581
3958
3595
3596
3597
3596
3597
3507
3599
3600
3597
3602
2612
3604
3605
3602
3605
3697
3605
3608
3601
2621
3613
3638
3611
3614
3617
3614
3617
3620
3611
3622
3620
3622
3623
3622
3625
3626
3629
3630
2640
3640
3630
3632
3635
3632
3635
3638
3639
2649
3637
3639
7609
3668
3643
3644
3649
3650
3647
3650
3641
7618
3650
3678
3653
3658
3659
3660
3659
3660
3651
3662
3660
3662
3665
3666
2676
3668
3669
3666
3669
3669
3671
3676
3677
2685
3677
3680
3677
3678
3671
3679
3683
3684
2694
3686
3689
3690
7645
3690
3681
3692
2702
3694
3695
3692
3695
3693
3695
3698
3691
2711
3700
3704
3701
3704
3702
3704
3707
3710
3701
3712
3710
3712
3713
3625
3713
3716
3693
3720
2730
3364
3720
7690
3757
3722
3723
3730
3703
2739
3733
3729
7699
3643
3731
3732
3739
3738
3713
3742
3739
7708
3652
3768
3743
3748
3749
3750
3751
3750
3741
3661
3750
3752
3755
3756
2766
3758
3391
3756
7717
3759
3761
3766
3767
2775
3770
3766
3767
3768
3680
3769
3775
3774
2784
3779
3777
3780
3777
3689
3771
3784
2792
3808
3788
3784
3785
3788
3698
3786
3781
2801
3796
3818
3793
3794
3797
3707
3795
3800
3791
3805
3806
3828
3803
3806
3716
3804
3809
3810
2820
3812
3810
7780
3815
3811
3813
3820
3819
2829
3811
3819
7789
3820
3823
3822
3829
3830
3827
3830
3821
7798
3833
3830
3831
3838
3839
3840
3839
3840
3831
3842
3839
3933
3845
3846
2856
3848
3849
3846
3849
3848
3850
3854
3855
2865
3860
3858
3855
7816
3851
3859
3865
3866
2874
3869
3870
3866
3867
3870
3780
3872
2882
3898
3878
3879
7833
3878
3879
3789
3871
2891
3883
3908
3888
7842
3887
3888
3798
3890
3881
3892
3893
3918
3893
3896
3897
3893
3899
3900
2910
3905
3906
7870
3905
3906
3816
3910
3909
2919
3901
3915
7879
3914
3915
3825
3919
3920
2928
3920
3911
7888
3923
3924
3834
3928
3929
3930
3929
3930
3921
3932
3933
3930
3935
3936
2946
3938
3939
3940
7897
3942
3939
3946
3947
2955
3950
3914
3951
7906
3941
3861
3955
3956
3957
3959
3960
3924
7915
3960
3951
3964
3965
3988
3963
3964
3967
3963
3967
3968
3961
3974
3970
3998
3973
7932
3972
3976
3977
3980
3971
3982
3980
4008
7941
3986
3982
3986
4078
3988
3989
3989
3991
3994
4027
3994
3995
4000
3997
3998
3991
4005
7969
4000
4003
4004
4009
4010
4007
4010
4001
7978
4013
4010
4013
4105
4015
4016
5008
4018
4019
4030
4021
4022
4027
4028
4029
5017
4027
4028
7987
4028
4031
4036
4037
4038
5026
4036
4037
4040
4031
4038
4045
4046
4047
5035
4050
4046
4049
4050
4041
4054
4055
5043
4053
4054
4057
4053
4057
4058
3970
4064
4340
4088
4063
4066
4062
4066
4067
3979
4061
4349
4070
4098
8031
4076
4072
4076
30
4169
4079
4085
4086
4084
4117
4084
4085
3997
4178
4088
5080
4089
8059
4092
4093
4094
48
4100
4097
4367
4091
8068
4103
4100
4103
57
4109
4110
4376
4108
4109
4108
4111
4112
4024
4118
4119
5107
4117
4118
4111
4118
4121
4033
4127
4128
5116
4126
4127
8086
4121
4128
4042
4136
4137
4403
4140
4104
8095
4140
4131
4051
4145
4141
4143
4144
4147
4143
4147
4148
4141
4154
4169
4152
4153
8112
4152
4156
4157
4160
4070
4160
4440
4188
4165
4161
4165
4166
120
4168
4172
4449
4171
4174
4175
4171
4175
4178
4180
4181
4171
4185
4183
4180
4183
4184
4187
4189
4278
4190
4181
4192
4193
4190
4193
4196
4106
4200
4196
4467
4199
4198
4201
4202
156
4115
4209
4174
4476
4208
4201
4208
4211
4214
4216
4218
4217
4184
4217
8176
4216
4218
4223
4225
4227
4229
4230
4226
4229
4230
4221
4232
4142
4234
4232
4234
4237
4238
4234
4238
4231
4243
4259
4242
4512
4246
4242
4246
4247
4250
4241
4252
4269
4252
8211
4256
4252
4256
4259
4260
4170
4260
4540
4264
4265
4261
4265
4268
4270
4268
4261
4549
4273
4270
4273
4274
4277
4279
4280
4280
4271
4282
4283
4280
4283
4286
4287
4197
4289
4287
4558
4292
4289
4292
4295
4297
4206
4264
4297
4567
4291
4298
4301
4304
4305
4215
4307
4305
4576
8266
4306
4308
4313
4314
4224
4319
4320
4284
4319
4320
4311
4053
4321
4322
4322
4324
4327
4328
4324
4328
4321
4333
4334
4423
4338
4336
4693
4336
4337
4340
4331
4343
4346
4347
4345
4702
4345
4346
4349
4350
4341
4352
4369
4354
4711
4356
4352
400
4357
4358
4361
4365
4363
4730
4363
4364
409
4368
4370
4368
4361
4372
4739
4370
4373
418
4375
4376
4377
4377
4379
4382
4379
4382
427
4384
4385
4386
4391
4392
4381
4400
4391
436
4393
4397
4398
4364
4397
4400
4757
4398
445
4404
4406
4407
4410
4406
4409
4410
4401
4414
4411
4412
4324
4419
4417
4414
4417
4418
4411
4422
4424
4448
4428
4426
4423
4426
4427
4430
4432
4433
4342
4523
8482
4432
4793
4436
4439
4441
4431
4351
4459
8491
4441
4802
4442
490
4447
4448
4449
4450
8510
4478
4811
4451
4457
4460
4457
4458
4370
4462
4460
4462
4463
4466
4469
4466
4467
4379
4473
4469
4471
4472
517
4474
4475
4476
4475
4482
4471
4848
4481
4484
4487
4484
4485
4397
4578
4490
4487
4488
4493
4496
4493
4497
4406
4464
4499
4496
4857
4510
4505
4502
5494
4415
4507
4504
4505
4508
543
4514
4511
4538
4424
4516
4517
4514
4517
4520
4511
4253
4523
4548
4525
4526
4523
4526
4529
4531
4532
4532
4442
4534
4535
4532
4893
580
4539
4541
4539
4451
4543
4544
4541
4544
4547
4550
4547
4548
4541
4552
4550
4552
4553
4556
4559
4560
4557
4560
4470
4562
4560
4562
4565
4568
4569
4566
4543
4568
4561
4569
4939
4574
4577
4578
4575
4578
4553
8627
4577
4948
4583
4586
4587
4584
4587
4497
4589
4590
4587
4600
4591
4592
4591
4594
4595
4687
4597
4598
633
4604
4605
4628
4603
4604
4603
4606
4607
642
4612
4614
4613
4638
4613
4616
4613
4616
4619
4620
4611
4622
4620
4648
4625
4622
4625
4628
4629
4631
4632
4634
4635
4658
4633
4634
679
4640
4637
4638
4631
4644
4640
4668
4643
688
4649
4650
4647
4650
4641
4652
4650
4678
697
4654
4655
4656
4655
4658
4659
4659
4661
706
4667
4668
4669
4670
4667
4668
4661
4669
715
4676
4677
4678
4679
4680
4677
4680
4671
4690
4681
4682
5674
4684
4685
8644
4685
4688
723
4694
4695
4718
4693
4694
8653
4694
4697
4700
4691
4704
4700
4728
4703
4615
4703
4706
4709
4710
4701
4712
4710
4738
4624
4712
4715
760
4717
4718
4719
4719
4721
4633
4721
4724
769
4730
4727
4728
4721
4729
4642
4758
4733
778
4739
4740
4737
4740
4731
4651
4740
4742
4745
4748
4749
4750
4381
4748
4749
4749
4751
796
4753
4754
4755
4754
4757
4758
4670
4759
805
4762
4767
4768
4767
4770
4767
4679
4761
4780
4775
4776
5764
4418
4775
8734
4774
4776
813
4784
4785
4808
4783
4784
4787
4697
4785
4790
4781
4794
4796
4818
4793
4796
4706
4794
4799
4801
4791
4805
4801
4828
4805
4715
4803
850
4807
4808
4809
4809
4811
4814
4724
4812
859
4820
4817
4818
4811
4819
4823
4733
4821
868
4829
4830
4827
4832
4829
4832
4742
4858
877
4838
4839
4840
4839
4472
4839
4838
4840
4844
4847
4848
4849
4814
4847
4848
4841
4849
895
4856
4857
4858
4860
4856
4857
4860
4770
4870
4865
4866
5854
4869
4865
4868
4869
4779
903
4874
4875
4898
4878
4874
4877
4878
4788
4880
4871
4884
4880
4908
4527
4886
4887
4797
4889
4890
4881
4892
4893
4918
4895
4896
4892
940
4897
4901
4902
4905
4545
4904
4905
4815
949
4910
4909
4911
4901
4554
8879
4910
4947
4916
4919
4920
4917
4920
4911
4922
4923
4920
4925
4928
4929
4930
4931
4932
4929
4932
4842
976
4937
4938
4939
4938
4941
4938
4931
4851
4943
4946
4947
4948
4950
4946
4947
4950
4941
4954
4955
5320
5944
4959
4957
8914
4957
4958
993
4964
3972
4988
4963
4966
4967
4963
4967
4970
4961
5338
4970
4998
4975
4976
4972
4976
1011
4978
4979
4979
4981
4984
4985
4981
4985
1030
4987
4988
4000
4989
4993
8960
5027
4994
4997
5000
4997
5356
4991
5002
5003
5000
5003
1048
5005
5006
5365
5006
5009
5012
5009
5012
1057
5014
5015
5020
5015
5018
5011
5018
5021
1066
5023
5024
5029
5024
5027
5030
5021
5028
1075
5036
5037
5038
5040
5036
5039
5040
5031
5044
5045
5068
5048
5049
5043
5046
5047
5048
5052
5054
4062
5078
5053
5052
5055
5056
5057
4969
5051
5059
5060
5088
5061
5064
5062
5066
4978
5071
5072
5075
5076
5098
5073
5074
5075
4987
5168
5078
5077
5079
5080
5082
5083
5084
4996
5090
5087
4099
5081
5089
9059
5090
5093
5005
5186
5096
4108
6089
5099
5110
5101
5102
5014
5108
5109
5104
6098
5108
5107
5120
5111
5023
5117
5118
5113
5084
5117
5116
9077
5118
5032
5126
5127
5122
5130
5094
5125
9086
5121
5041
5135
5158
5402
5134
5133
9094
5134
5138
5131
5144
4152
6133
5143
5142
9103
5146
5147
5151
5060
4161
5430
5178
5151
5154
5155
5156
5159
5069
5162
5165
5166
5188
5163
5164
5165
5170
5167
5171
4180
5175
5170
5172
5173
5174
5179
5176
5268
4189
5171
5179
5183
5180
5183
5188
5185
5190
4198
5457
5189
5192
5189
5192
5197
5194
5199
5200
6188
5198
5191
5198
5201
5206
5203
5208
4216
5174
5207
5206
9167
5208
5215
5212
5217
4225
5220
5216
5219
5220
5211
5222
5132
5248
5222
5493
5227
5228
5224
5228
5232
5141
4242
5237
5502
5232
5235
5236
5237
5241
5231
4251
5259
5242
5241
9202
5242
5246
5249
5250
5160
5252
5530
5278
5253
5256
5252
5260
5257
5258
4270
5539
5260
5262
5263
5264
5269
5268
5270
4279
5261
5269
5273
5270
5273
5278
5277
5187
4288
5277
5548
5282
5279
5282
5287
5286
5196
5290
6278
5557
5281
5288
5291
5296
5295
5205
4306
5295
5566
5296
9257
5298
5305
5304
5214
4315
5310
5274
5309
5310
5301
1263
5311
5312
5312
5314
5317
9274
5317
5318
5311
5323
5324
6313
5323
5593
5325
5326
5327
5330
5321
5333
5349
5332
5602
5334
5335
5336
5339
5340
5331
5342
5359
5611
5343
5346
5342
5348
1300
5348
5351
5355
5630
5352
5353
5354
5357
5358
5360
5358
5351
5639
5363
5360
5363
5366
1318
5369
5370
5372
5373
5380
5371
5372
5017
5374
5375
5376
6368
5382
5648
5390
5381
5384
1336
5387
5388
5354
5387
5657
5389
5388
5393
5394
5396
5397
5400
5396
5666
5400
5391
1444
5401
5402
4414
5403
5404
9455
5765
5405
5413
5412
5414
4423
5418
5413
5415
5416
5417
5422
5419
5423
4432
5513
5422
5424
5783
5426
5431
5430
5421
4441
5449
5431
5433
5792
5432
5404
5439
5440
5441
5445
5459
5442
5443
5444
5450
5446
5447
5448
4460
5450
5451
5452
5453
5459
5455
5456
5457
4469
5458
5462
5463
5460
5468
1508
5465
5466
4478
5467
5468
5838
5471
5477
5473
5474
5475
4487
5568
5477
5479
5478
5486
5482
5483
5487
4496
5454
5486
5488
5489
5492
5495
5492
5527
5405
5497
5498
5495
5498
5503
5504
5501
4513
5414
5503
5507
5504
5507
5512
5501
5243
4522
5538
5512
5516
5513
5516
5521
5520
5522
4531
5432
5521
5525
5522
5883
5528
5529
5531
5529
5441
5549
5534
5531
5534
5540
5536
5537
5538
4550
5540
5541
5542
5543
5549
5547
5550
5547
4559
5460
5552
5550
5552
5558
5554
5559
5556
5560
6549
5551
5559
5561
5567
5565
5568
5565
4577
5543
5567
9618
5938
5576
5574
5577
5574
4586
5487
5576
5580
5577
1624
5581
5582
5617
5582
5585
5588
5585
5588
5581
5594
5595
4603
5597
5598
5686
5596
5597
5602
5591
5604
4612
5628
5603
5695
5603
5606
5611
5610
5601
4621
5610
5638
5615
5612
5615
5618
1651
5618
5619
5624
5625
5713
5623
5624
5630
5626
5627
5628
4640
5629
5722
5632
5633
5639
5637
5640
5637
4649
5631
5642
5640
5642
5648
5644
5645
5646
4658
5646
5649
5649
5651
5657
5653
5654
5655
4667
5655
5658
5651
5659
5666
5662
5667
5668
4676
5670
5667
5670
5661
1714
5671
5672
5707
5672
5675
5674
5675
5678
5683
5690
5681
4693
6674
5688
5683
5777
5687
5692
5689
5694
4702
5718
5693
5692
5693
5696
5701
5700
5691
4711
5700
5728
5701
5702
5705
5708
1741
5708
5709
5709
5711
5738
5804
5714
5720
5716
5717
5718
4730
5719
5720
5748
5721
5729
5727
5730
5727
4739
5721
5729
5730
5732
5738
5734
5735
5736
4748
5736
5739
5739
5741
5747
5743
5744
5745
4757
5745
5748
5747
5749
5756
5752
5757
5758
4766
5760
5733
5756
5751
1804
5761
5762
5797
5762
5765
5768
5678
5766
5773
5774
5775
4783
5417
5774
5773
5776
5775
5782
5771
5784
4792
5808
5783
5786
5696
5784
5791
5790
5781
4801
5790
5818
5795
5705
5793
5798
5799
5801
5802
5444
5801
5828
5803
5802
5810
5806
5807
5808
4820
5809
5810
5812
5811
5819
5815
5820
5817
4829
5811
5822
5732
5913
5828
5824
5825
5826
4838
5826
5829
5840
5830
5837
5833
5834
5835
4847
6828
5838
5837
5839
5846
5842
5843
5844
4856
5844
5847
5846
9807
1894
5855
5856
5887
5859
5499
5858
5859
5769
5863
5864
5865
4873
5868
5864
5867
5868
5778
5872
5861
5874
4882
5898
5517
5872
5877
5787
5881
5880
5871
4891
5883
5908
5881
5886
5882
5888
5889
5891
5892
5895
5891
5918
5895
5805
5900
5896
5899
5901
4910
5544
5900
5902
5903
5909
5907
5910
5907
4919
5901
5909
5913
5910
5918
5914
5919
5920
4928
5920
5553
5922
5919
5927
5923
5928
5929
4937
6918
5928
5927
5841
5936
5932
5933
5934
4946
5934
5937
5936
5939
1984
5941
5944
5977
5942
5947
5944
5947
5948
5953
5954
5953
4963
5958
5956
5953
5956
5957
5962
5959
5962
4972
5988
5965
5962
5965
5966
5971
5968
5969
4981
5976
5998
5973
5974
5975
6067
5977
5978
5971
5985
5980
6008
5983
5984
5990
5986
5987
5990
5000
5992
5990
5992
5993
5999
5995
5996
5999
5009
6003
5999
6001
6002
6008
6004
6005
6010
6007
6006
6001
9978
6009
6017
6013
6014
6017
5027
6015
6020
6017
6018
6026
6022
6027
6026
5036
5994
6029
6026
9987
2074
6031
6058
6033
6032
6033
6036
6037
6038
5950
6044
6040
5053
6048
6042
6043
6046
6047
5959
6041
6049
5062
6078
6051
6052
6055
6056
5968
2092
6059
5071
6066
6088
6061
6064
6065
6070
2101
6071
6061
6075
6070
6072
6073
6074
5986
6167
6077
6076
5090
6079
6080
6082
6083
5995
2129
6086
6085
6088
6087
6089
6091
6092
6004
2138
6095
6100
6073
6096
6091
10068
6099
6013
2147
6104
6103
6464
6105
6106
6101
6108
6022
2156
6113
6112
6473
6084
6115
6120
10077
6031
6125
6124
5134
6129
6127
6124
6127
6128
6121
6134
6130
6132
6138
6132
6135
6136
6137
6141
6142
6142
5152
6168
6145
6142
6145
6146
6149
6059
6152
5161
6156
6178
6153
6154
6155
6160
6157
6161
6151
6165
6160
6188
6163
6164
6169
6170
6258
6170
5180
6172
6170
6172
6173
6176
6086
6180
6179
5189
6183
6179
6181
6182
6187
6095
6276
6190
6187
6192
6181
10158
6191
6196
6197
6285
6197
5207
7188
6200
6197
6210
6205
6206
6207
6206
5216
6174
6209
6206
6209
6214
6211
6214
5224
6483
6217
6214
6217
6218
6211
6131
6220
6248
6492
6222
6225
10184
6227
6231
6232
6232
5242
7223
6235
6232
6235
6236
6239
6241
6239
5251
6520
6268
6243
6246
6242
6250
6247
6248
6241
6529
6250
6278
6255
6251
6259
6260
6257
6260
5270
6262
6260
6262
6263
6268
6269
6266
6269
5279
6538
6269
6271
6272
6277
6278
6275
6280
6277
6547
6271
10248
6279
6286
6287
6284
6287
5297
6556
6290
6287
6288
6295
6296
6204
6296
5306
6264
6299
6300
6291
6304
6301
6302
6394
6309
6574
6304
6307
6308
6301
2263
6311
6338
6318
6316
6313
6316
6317
6320
6311
6323
6320
7313
6592
6324
6325
6326
5961
6331
6329
5341
6349
6601
6333
6336
6332
5980
6337
6338
6339
6340
6343
6368
6343
6344
6347
6350
6347
6348
5360
6629
6350
6352
6353
5998
6355
6356
6357
6356
6358
6359
6361
6362
6007
6364
6365
6366
6365
6367
6638
6380
6369
6374
6377
6374
6375
5387
6376
6647
6377
6378
6383
6386
6383
6387
5396
6354
6656
6386
10347
6034
6391
6392
6427
6399
6397
6665
6397
6398
6403
2353
6401
6313
6408
6403
6405
6406
6407
6412
6401
6413
6322
6417
6415
6683
6415
6416
6421
6420
6411
6331
6439
6424
6692
6424
6425
6428
6061
6428
6429
6430
6449
6432
6433
6431
6440
6436
6437
6438
6350
6440
6720
6442
6443
6449
6089
6446
6447
6359
6448
6729
6451
6450
6458
6098
6455
6456
6368
6457
6458
6470
6459
6467
6463
6464
6465
6377
6466
6467
6738
6468
6476
6472
6473
6477
6386
6444
6476
6747
6479
6485
6481
6482
6517
5495
6487
6485
6487
6488
6481
6500
6491
6494
6527
6496
6494
6496
6497
6502
6503
6510
6503
5513
6505
6503
6505
6506
6511
6512
6509
6512
5522
6514
6512
6514
6873
6518
6521
6518
6519
5531
6539
6521
6523
6524
6530
6526
6527
6528
6521
6530
6531
6532
6533
6539
6540
6536
6537
6540
5550
6540
6541
6542
6548
6549
6545
6546
6550
6548
6541
10609
6551
6557
6558
6554
6555
6558
5568
6560
6558
6928
6566
6567
6563
6564
6567
5577
6569
6567
6569
6575
6571
6572
6575
5585
6579
6667
6577
6578
6583
2624
6581
6584
5594
6582
6584
6586
6587
6592
6593
6594
6593
5603
6597
6593
6595
6596
6601
6602
6599
6602
5612
6628
6602
6604
6605
6608
6611
6608
6609
5621
6615
6611
6613
6614
6620
6584
2651
6621
6611
6624
6639
6622
6623
6629
6630
6626
6627
6630
5640
6630
6631
6632
6638
6639
6635
6636
6639
5649
6637
10699
6640
6647
6648
6644
6645
6648
5658
6646
6648
6649
6656
6657
6653
6658
6657
5667
6633
6657
10708
6665
6661
6662
6665
5675
6663
6664
6758
6666
6661
2714
6671
6670
6673
6672
6673
6767
6677
6682
6683
6690
6683
5693
7674
6595
10734
6686
6691
6692
6689
6692
5702
6718
6604
6696
6693
6664
6697
6698
6702
6710
6705
6728
6794
6704
6710
6706
6707
6708
6712
6714
6622
6803
6713
6719
6720
6716
6717
6720
5730
6631
10780
6722
6728
6729
6725
6726
6729
5739
6727
6821
6731
6737
6738
6734
6735
6740
5748
6736
6650
6739
6746
6747
6743
6744
6749
5757
6745
6659
10798
6755
6751
6752
6787
6754
6753
6754
6757
6756
6763
2804
6761
6764
6797
6762
6767
6764
6858
6772
6773
6774
6773
5783
7764
6776
6773
6774
6781
6782
6779
6782
5792
6808
6785
6782
6783
6788
6791
6788
6789
5801
6790
6794
6791
6792
6800
6796
6797
6798
6791
6799
6800
6802
6801
6809
6810
6806
6807
6810
5820
6812
6810
6903
6818
6819
6815
6816
6793
6818
6817
6819
6912
6827
6828
6824
6825
6828
6803
6826
6827
6829
6836
6837
6833
6834
6837
5847
6813
6840
6837
6845
6843
6846
6877
6844
6489
6844
6847
10806
6853
6852
6855
6854
6887
6498
6857
6854
6857
6862
6863
6864
6863
5873
6507
6866
6863
10824
6871
6872
6861
6872
5882
6898
6875
6872
6875
6878
6881
6878
6882
5891
6525
6884
6881
6884
6890
6886
6887
6891
6881
6534
6890
6892
6893
6899
6900
6896
6897
6900
5910
6902
6900
6902
6908
6909
6907
6910
6909
5919
6543
6909
6911
6917
6918
6914
6915
6920
6893
6916
6911
6831
6926
6927
6923
6928
6929
6930
7918
6930
6921
6935
6931
6934
6967
5945
6937
6938
6935
6938
6931
2984
7309
6944
6977
6946
6947
6944
6947
6952
6953
6952
6953
5963
6955
6956
6953
6956
6961
6962
6959
6962
5972
6988
6965
6962
6965
6968
6971
6968
6961
5981
6970
6998
6971
6974
6980
6976
6977
6980
6971
6982
6980
6982
6983
6989
6990
6986
6989
6990
6000
6992
6990
6992
6998
6999
6995
7000
6999
6009
6991
6999
7001
7007
7008
7004
7009
7010
7007
7010
7001
10978
7016
7017
7013
7016
7017
6027
7019
7020
7017
7025
7021
7048
7025
6035
7027
7028
7025
7028
6940
3074
7030
7400
6044
7032
7035
7034
7037
6949
7031
7039
7043
6053
7041
7046
7043
11004
6958
7052
7049
7052
6062
7078
7055
7052
7055
7060
7061
7058
7051
6071
7060
7064
7061
7064
6976
7157
7067
7070
7061
7072
7070
7072
7073
6985
7080
7076
7079
7080
6090
7082
7080
7082
7087
7089
7085
7090
7089
6099
7081
7089
7091
7003
7098
7094
7099
7100
7073
7100
7091
11068
7012
7107
7103
7102
7463
6117
7105
7110
7107
7021
3155
7138
7111
6125
7113
7114
7115
7118
7111
3164
7120
7148
7123
7122
7123
7126
7127
7130
7040
7132
7130
6143
7135
7132
7133
7136
7139
7049
3173
7139
7509
7168
7141
7144
7145
7150
7058
7239
7141
7518
7150
7152
7153
7154
7159
7160
7248
7160
7151
7162
7160
7162
7163
7166
7076
3210
7169
7166
6180
7169
7170
7172
7177
7085
3219
7180
7177
7178
7171
7179
7181
7184
7094
3228
7187
7184
7187
7190
7181
11158
7195
7196
7284
7196
7197
6207
7199
7200
7197
7202
7112
7228
7205
6215
7207
7208
7205
7208
7201
7121
7210
7238
7211
7212
7213
7214
7217
7220
7211
7222
7220
7248
7225
7222
7223
7226
7229
7231
7232
7232
6242
7258
7235
7232
7235
7240
7239
7241
7231
6251
7240
7244
7241
7244
7249
7250
7247
7250
7241
7252
7250
7252
7253
7256
7257
7167
7259
7260
6270
7262
7260
7262
7267
7266
7176
7270
7269
6279
7261
7269
7271
7276
7277
7278
7279
7280
7253
7280
7271
11248
7285
7286
7287
7286
7287
6297
7289
7290
7287
7294
7295
7292
7384
6305
7564
7298
7295
7298
6933
7304
7301
7328
6314
7573
7307
7304
7307
7310
7301
3263
7313
7338
7582
7316
7313
7316
7319
7321
7322
7322
6332
7591
7325
7322
7325
6970
7329
7331
7329
6341
7333
7358
7331
7334
7337
7340
7337
7338
7331
7619
7340
7342
7343
6988
7349
7350
7347
7350
6360
7352
7350
7352
6997
7358
7359
7356
7359
6369
7351
7359
7361
7364
7367
7368
7365
7370
7367
7370
7361
7380
7373
7376
7377
7374
7377
6387
7646
7380
7377
7024
7385
7382
7417
6395
7387
7655
7385
7388
7381
7394
7391
7390
6404
7393
7664
7394
7397
7402
7391
3353
7312
7428
7402
7673
7403
7406
7411
7410
7412
7321
6422
7411
7682
7412
7415
7418
7419
7421
7419
6431
7439
7424
7421
7424
7430
7070
7427
7428
7340
7430
7431
7432
7433
7439
7079
7440
7437
7349
6450
7442
7440
7442
7448
7444
7449
7446
7358
6459
7448
7449
7451
7457
7453
7458
7455
7367
7433
7457
7451
11428
7466
7464
7467
7464
7376
6477
7466
7470
7467
7475
7471
7472
7507
7385
7477
7475
7477
7478
7471
7124
7481
7484
7517
7486
7484
7486
7487
7492
7493
7500
7493
7403
7495
7493
7764
7496
7501
7502
7499
7502
7412
7504
7502
7504
7505
7508
7511
7508
7509
7421
7513
7511
7782
7514
7520
7516
7517
7518
7511
7520
7521
7791
7523
7529
7530
7170
7527
7530
7440
7530
7531
7532
7538
7539
7535
7536
7540
7522
7531
7819
7541
7547
7548
7544
7545
7548
7458
7550
7541
7560
7556
7557
7553
7554
7557
7467
7559
7557
7559
7565
7566
7562
7565
7566
6576
7657
7566
7568
7573
7575
7571
7574
7607
6585
7577
7575
7577
7580
7571
3624
7583
7584
7617
7586
7584
7586
7591
7592
7593
7592
7593
6603
7595
7593
7595
7598
7601
7602
7599
7602
6612
7604
7602
7604
7607
7608
7611
7608
7606
6621
7629
7611
7613
7619
7620
7616
7617
7620
7611
7620
7621
7622
7628
7629
7630
7626
7629
7630
6640
7630
7631
7637
7638
7639
7635
7638
7640
7638
7631
11699
7646
7647
7648
7644
7647
7648
6658
7650
7648
7655
7656
7652
7655
7656
6666
7654
7656
7658
7651
7665
7661
7664
7665
6675
7576
7665
7667
7670
7661
3714
7673
7670
7707
7585
7674
7676
7681
7682
7683
7682
7683
6693
7594
7683
7685
7688
7691
7692
7689
7692
6702
7718
7692
7694
7700
7698
7701
7698
7691
6711
7612
7701
7703
7709
7710
7706
7707
7711
7701
7621
7802
7712
7718
7719
7720
7716
7719
7441
6730
7720
7721
7727
7728
7729
7725
7730
7727
7728
7640
11789
7736
7737
7738
7734
7739
7469
6748
7649
7738
7745
7746
7742
7777
7748
7745
7748
7658
7839
7741
7755
7751
7756
7787
7754
7757
7667
7848
7762
7763
3804
7763
7764
7797
7766
7763
7857
7771
7772
7773
7774
7775
7772
7775
7685
7866
7778
7781
7782
7779
7782
6792
7784
7781
7875
7790
7788
7791
7788
7781
6801
7790
7792
7884
7799
7800
7796
7797
7800
7791
7802
7800
7893
7808
7809
7810
7806
7783
7810
7532
7721
7902
7817
7818
7819
7815
7820
7819
6829
7811
11879
7826
7827
7828
7824
7827
7828
7560
7830
7740
7835
7836
7832
7867
7836
6846
7838
7839
7836
7831
7845
7841
7844
7877
6855
7847
7848
7845
7850
7841
7860
7853
7854
7887
7856
7857
7854
7861
7862
7863
7862
7863
6873
7865
7866
7863
7868
7871
7872
7869
7872
6882
7898
7875
7872
7880
7878
7881
7878
7871
6891
7880
7884
7881
7889
7890
7886
7887
7890
7881
7892
7890
7892
7898
7899
7900
7896
7899
7900
6910
7902
7900
7907
7908
7909
7905
7910
7907
7908
7901
7909
7916
7917
7918
7914
7917
7918
7893
7920
7917
7925
7926
3966
7957
7928
7929
8917
7927
7928
8020
7935
8299
7934
7967
7934
8926
7934
7937
7940
7931
8308
7943
7940
7977
7946
7943
7946
8038
7952
7953
7954
7955
7956
8944
7954
7955
7958
7961
7962
7951
7964
7965
7988
7963
7964
8056
7966
7967
7970
7961
7974
7970
7998
7973
8065
7980
7976
7979
7980
7971
7982
7980
8008
8074
7984
7985
7988
7984
7988
7989
7989
7991
8083
7998
7999
7997
8000
7997
7998
7991
7999
8092
8007
8008
8006
8009
8010
8007
8010
8001
8015
8016
4056
8013
8014
8015
9007
8017
8018
8022
8025
4065
8390
8023
8024
8023
8026
8027
8031
8021
8032
8399
8034
8067
8032
8037
8034
8013
8042
8043
8408
8045
8046
9034
8044
8045
8050
8051
8052
4083
8054
8055
8078
8053
8054
8059
8147
8061
8060
8051
8064
8060
8088
8063
8068
8070
8066
8069
8070
8061
8072
8070
8098
8077
8079
8080
4120
8077
8078
8079
8079
8081
8086
8088
8089
8087
8090
8087
8088
8081
8089
8095
8097
8098
8096
8099
8100
8097
8100
8091
8011
8106
4146
8107
8462
8109
9097
8107
8108
8112
8115
8113
8138
8113
8114
8113
8116
8117
8120
8030
4164
8120
8490
8157
8122
8123
8126
8103
8131
8133
8140
8499
8132
9124
8132
8135
8138
8048
8142
8137
8144
8145
8168
8143
8144
8149
8150
8151
4182
8149
8154
8150
8178
8153
8156
8066
8247
8159
8156
8517
8159
8161
8188
8167
8075
8170
4210
8167
8526
8169
8169
8171
8174
8084
8179
8177
8180
8177
8178
8171
8179
8183
8093
8188
8186
8183
8190
8187
8190
8181
8200
8102
8218
8197
8192
8553
9187
8197
8198
8202
8111
4245
8228
8201
8204
8207
8204
8207
8210
8201
8212
8210
8212
8213
8212
8215
8216
8219
8220
8130
8230
8220
8590
9214
8222
8225
8230
8229
8139
4263
8232
8599
8258
8235
8232
8239
8240
8237
4272
8239
8608
8240
8268
8241
8248
8249
8250
8249
8250
8241
8252
8250
8252
8257
8256
8166
4300
8259
8256
8617
8259
8261
8266
8267
8175
8267
8270
8267
8626
8261
8269
8275
8274
8184
4318
8279
8280
8253
8280
8271
8290
8281
8282
8374
8284
8285
9277
8287
8288
7923
8294
8295
8383
8293
8294
8293
8296
8297
8300
8291
8304
8392
8328
8303
8302
8305
8306
8309
8310
8301
8401
8310
8338
8315
8312
8315
8318
8293
8321
8322
8324
8325
8348
8323
8324
8327
8330
8327
8328
8420
8334
8330
8358
8333
8336
8339
8340
8337
8429
8331
8342
8340
8368
8345
8348
8349
8350
8438
8348
8349
8349
8351
8354
8357
8358
8359
8360
8357
8358
8351
8359
8363
8366
8367
8368
8456
8370
8367
8370
8361
8380
8371
8372
8407
8378
8379
9367
8377
8378
8383
8384
8385
4335
8387
8388
8654
8386
8387
8392
8381
8394
4344
8418
8393
8663
8393
8396
8399
8400
8391
8398
8400
8428
8405
8402
8405
8408
8409
8411
8412
8414
8415
8681
8413
8414
8420
8060
8417
8418
4362
8419
8700
8422
8423
8429
8427
8430
8427
4371
8421
8709
8430
8432
8438
8078
8435
8436
4390
8529
8439
8439
8441
8444
8087
8444
8445
4399
8445
8448
8718
8449
8456
8096
8457
8458
4408
8460
8457
8727
8451
8470
8461
8462
8497
8467
8469
9457
8467
8468
8473
8114
8471
4425
8473
8478
8474
8745
8477
8482
8483
8484
8483
8393
8574
8483
8754
8486
8491
8492
8489
8492
8402
8518
8492
8763
8495
8498
8501
8498
8499
8411
8505
8501
8772
8504
8510
8474
8509
8511
8501
8514
8529
8512
8513
8519
8520
8516
8517
8520
8430
8520
8800
8522
8528
8529
8525
8526
4480
8528
8527
8809
8530
8537
8538
8534
8535
8538
8448
8629
8538
8550
8546
8547
8543
8548
8547
8457
8523
8550
8818
8560
8556
8552
8587
8556
8466
9547
8556
8558
8563
8565
8561
8564
8597
8564
8564
8566
8836
8572
8573
8214
8573
8574
8607
8576
8574
8576
8581
8582
8583
8582
8583
8493
8585
8583
8854
8588
8591
8592
8589
8600
8502
9583
8592
8863
8600
8598
8601
8598
4542
8511
8619
8601
8603
8609
8610
8606
8607
8610
8601
8610
8611
8612
8618
8619
8620
8616
4570
8620
8530
8620
8621
8627
8628
8629
8625
8628
8630
8628
8621
8909
8636
8637
8638
8634
8637
8638
8548
8640
8638
8650
8646
8647
8677
8644
8645
8646
8646
8648
8653
8655
8656
8654
8687
8654
8655
8655
8657
8660
8651
8665
8663
8660
8697
8664
8664
8666
8671
8670
8661
4714
8673
8674
8707
8676
8674
8678
8681
8682
8683
8690
8681
8682
8682
8684
8690
8686
8687
8688
4723
8688
8691
8691
8693
8699
8700
8696
8701
4732
8699
8703
8719
8702
8708
8709
8710
8706
8709
8710
8701
8710
8729
8717
8718
8719
8720
4760
8717
8718
8719
8720
8726
8727
8728
8729
4769
8728
8730
8728
8721
8740
8731
8732
8767
8731
8735
8736
8648
8737
8743
8745
8746
4786
8743
8744
8745
8657
8746
8752
8741
8755
4795
8754
8787
8754
8666
8755
8761
8760
8751
4804
8763
8760
8797
8675
8764
8768
8771
8772
8773
8774
8771
8772
8684
8773
8780
8778
8781
8782
4813
8513
8781
8693
8782
8789
8790
8786
8787
8790
8781
8788
8702
8791
8798
8799
8800
8796
4831
8801
8791
8711
8819
8807
8808
8809
8810
4850
8807
8808
8809
8810
8816
8817
8818
8819
8817
8820
8817
8818
8730
8830
8826
8827
8857
8828
8829
8826
9818
8739
8833
8835
8836
4876
8867
8838
8835
8838
8748
8840
8831
8845
8843
8846
8877
8844
8847
8757
8849
8850
8841
8852
8855
8856
8887
8856
8766
8858
8861
8862
8863
8864
8865
8862
8865
8775
8870
8868
8871
8872
4903
8874
8871
8898
8784
8879
8880
8876
8881
8880
8871
8613
8880
8882
8888
8889
8890
8886
8889
8890
8881
8892
8802
8897
8898
8899
8900
4940
8897
8898
8899
8899
8906
8907
8908
8909
4949
8910
8907
8908
8901
8915
8916
8914
8947
8914
8915
8913
8915
8918
8911
8925
8923
8920
8957
8924
8922
8924
8927
8930
8921
9298
4975
8930
8967
8931
8933
8934
8941
8942
8943
4984
8941
8942
8977
8942
8945
9037
8947
8948
8941
8948
8951
7963
8951
8954
8960
8956
8957
8960
8951
8964
8959
8988
8963
8969
8970
8966
8969
8970
8961
8968
8970
8998
8978
8979
8980
8978
5011
8978
8979
8979
8981
8987
8988
8989
8987
5030
8987
8988
8000
8989
8996
8997
8998
8996
8997
9000
8997
8009
8991
9005
9006
9004
5047
9004
9005
9003
9005
9008
8920
9015
9010
9380
9047
9014
9012
9014
9017
8929
9011
9025
9389
9024
9057
8035
9027
9024
9003
9032
9033
5074
9031
9032
9067
9032
9035
9040
9128
9038
9031
9050
9045
9040
10034
9044
9049
9137
9051
9052
9049
9054
8062
9078
9053
8965
9060
9056
9061
9060
9051
8071
9060
9088
8974
9069
9070
9064
9425
9068
9069
9069
9071
9076
9078
9079
9080
9076
9077
9078
8090
9079
9085
9087
9088
9089
9087
9090
9087
8099
9081
9001
9096
9118
9093
9094
9095
9093
9095
9098
9091
9105
9100
9128
9103
9104
8116
9104
9107
9110
9020
9112
9110
9480
9147
8125
9113
9116
9119
9029
9123
9119
9489
9122
9157
9122
9125
9130
9127
9132
9121
9498
9131
9130
9131
9134
9139
9140
9228
9140
9131
9144
9139
9168
9143
9146
9056
9237
9151
9146
9507
8161
9150
9178
9157
9158
9160
9158
5191
9158
9159
9159
9161
9166
9074
9169
9170
9166
9167
9168
8180
9169
9173
9083
9178
9179
9173
9180
9177
8189
9171
9182
9092
9208
9185
9182
9185
9183
9185
9188
9181
9101
9193
9218
9193
9194
9192
9194
9197
9200
9191
9205
9200
9228
9203
8215
9203
9206
9209
9210
9120
9212
9210
9580
9247
9212
9215
9220
9219
9129
9211
9219
9589
9220
9221
9224
9229
9230
9227
9230
9221
9598
9229
9258
9231
9238
9239
9240
9241
9240
9231
8251
9240
9242
9247
9248
9156
9248
5281
9248
9607
9249
9251
9256
9257
9165
9260
9256
9257
9616
8270
9259
9265
9266
9174
9269
5309
9270
9243
8279
9261
9274
9275
9276
9364
9274
9275
9634
9275
9278
9271
9284
9285
9373
9283
9284
9643
9284
9287
8922
9292
9294
9293
9318
9293
9652
9293
9296
9299
9300
9291
9302
9300
9328
9661
9302
9305
8950
9307
9311
9312
9320
9311
8323
9311
9314
9317
9320
9317
9318
5353
9324
9689
9348
9323
9326
9329
9330
9327
9330
9321
9698
9330
9358
9335
9338
9339
9340
5371
9338
9339
9339
9341
9344
9347
9348
9349
5390
9347
9348
8360
9349
9353
9356
9357
9358
9357
9360
9357
8369
9351
9004
9361
9362
9397
9362
9365
9364
9365
9368
9361
9374
9375
9376
9464
9374
8386
9374
9377
9380
9371
9384
9385
9408
9383
8395
9383
9386
9391
9390
9381
9301
9390
9418
8404
9392
9395
9398
9031
9398
9399
9491
9401
9428
9401
9404
9410
9406
9407
9408
9320
9409
9410
9438
9413
9419
9059
9420
9417
9421
9411
8431
9420
9422
9428
9424
9425
9426
9338
9426
9429
9429
9431
9437
9077
9434
9435
9440
9435
9438
8450
9439
9446
9086
9447
9448
9449
9450
9447
8459
9441
9455
9451
9452
9487
9454
9459
9454
9726
9458
9463
9104
9461
9464
9497
9468
9463
9735
9467
9472
9461
9474
9475
9383
9564
8485
9744
9476
9481
9482
9471
9484
9392
9508
8494
9753
9485
9488
9491
9488
9489
5443
9490
8503
9762
9492
9500
9496
9497
9498
9491
9499
9500
9504
9501
9509
9510
9506
9507
9511
5452
8521
9790
9512
9518
9519
9159
9516
9519
9429
9610
9799
9521
9527
9528
9524
9525
9530
9438
9619
8540
9540
9536
9537
9533
9538
9539
9447
9513
8549
9808
9545
9546
9542
9577
5497
9545
9544
9546
9817
9541
9555
9551
9556
9587
9554
8566
9555
9826
9562
9563
9204
9565
9564
9597
8575
9564
9566
9571
9572
9573
9574
9573
9483
8584
9573
9575
9578
9581
9582
9579
9582
9492
9608
9582
9584
9590
9588
9591
9588
9581
9501
9590
9591
9593
9599
9600
9596
9597
9601
9591
8611
10592
9602
9608
9609
9610
9606
9609
5551
9609
9610
9611
9617
9618
9619
9615
9620
9617
9618
8630
9899
9626
9627
9628
9624
9629
9628
9538
8639
9628
9640
9631
9632
9667
9634
9635
9636
9636
9638
9643
9645
9646
9644
5596
9644
9645
9645
9647
9650
9641
9655
9653
9650
9687
9654
9654
9656
9659
9660
9651
9662
5614
9660
9697
9663
9664
9668
9671
9672
9673
5623
9671
9672
9672
9674
9680
9644
9677
9678
9671
9690
9681
9681
9683
9689
9690
9686
9687
9690
5632
9693
9709
9692
9698
9699
9700
9696
9699
9700
9691
9700
9719
9707
9708
9709
9710
9708
5660
9708
9709
9710
9716
9717
9718
9719
9717
9718
9720
9718
9711
9725
9726
9727
9725
5768
9725
9726
9724
9727
9721
9735
9736
9737
5777
9734
9735
8747
9736
9742
9743
9745
9743
5786
9743
9744
8756
9745
9751
9752
9741
9752
5795
9752
9787
8765
9754
9758
9761
9762
9763
5804
9761
9762
8774
9763
9770
9766
9767
9768
9761
9780
9771
8783
9772
9779
9780
9776
9777
9782
9779
9778
8792
9781
9788
9789
9790
9786
9791
5822
9789
8801
9809
9797
9798
9799
9800
9764
9797
9798
9799
9800
9806
9807
9808
9809
9810
9806
9807
9808
8820
9815
9816
9817
9847
9816
9819
9816
9814
9729
9823
9825
9826
9827
9857
9828
9825
8837
9738
9832
9821
9835
9836
9834
9837
9834
8846
9747
9841
9840
9831
9845
9843
9846
9877
8855
9756
9848
9851
9852
9853
5894
9851
9852
8864
9852
9860
9856
9857
9862
9851
9862
9594
9860
9774
9869
9870
9866
9871
9872
9869
9603
8882
9783
9878
9879
9880
9876
9881
5912
9882
8891
9792
9887
9888
9889
9890
9854
5921
9891
9612
9801
9896
9897
9898
9899
9900
9896
9897
9898
8910
9905
9906
9907
9937
9904
9905
9908
8918
9906
9901
9915
10279
9914
9947
9914
9917
8927
9915
9920
9911
9922
9923
9920
9957
9926
8936
9924
9931
9932
9933
9932
5975
9932
9967
9934
9933
10027
9941
9942
9931
5984
9941
9940
8954
9942
9950
9946
9947
9950
9941
9948
9953
9950
9951
9959
9960
9956
9961
9962
9951
9962
8972
9988
9968
9969
9970
9968
9969
6002
9969
9968
9970
9977
9978
9979
9980
9976
9977
9978
9971
9979
9986
9987
9988
9989
9990
9986
9987
9990
9000
9995
9996
10018
9998
9994
9995
9998
9008
9996
9910
10005
10000
10370
6047
10004
10007
9017
10005
9919
10001
10009
10379
10012
10047
10011
10012
10014
9928
10022
10023
10025
10021
10022
10025
9035
10023
10030
10031
10032
10021
6074
10031
10030
10033
10032
9946
10127
10037
10040
10031
10050
10043
10040
11034
9955
10050
10046
10051
10052
10049
10052
9062
10078
9964
10059
10060
10024
10057
6092
10059
10058
10060
9973
10068
10069
10070
10034
10067
10068
10061
10069
9982
10077
10078
10079
10080
10076
10077
10080
9090
9991
10086
10108
10088
6128
10085
10088
9098
10086
10081
10095
10093
10118
10093
10094
10097
10093
10095
10100
10010
10102
10100
10470
10137
10106
10102
10104
10109
10019
10113
10115
10111
10112
10115
9125
10113
10120
10028
10122
10111
6164
10121
10124
9134
10122
10129
10130
10131
10130
10121
10140
10133
10130
10131
10138
10139
10227
10139
10140
6173
10142
10139
10168
10145
10055
10150
10148
10149
6182
10149
10148
10150
10156
10157
10159
10160
10124
10157
10158
10151
10159
10163
10073
10168
10169
10170
10166
10167
10170
9180
10172
10082
10198
10178
10172
10533
10178
9188
10176
10171
10091
10180
10208
10181
10542
10187
9197
10185
10190
10181
10192
10190
10192
10193
10196
10192
10194
10199
10201
10110
10205
10203
10570
10205
9215
10203
10210
10209
10119
10201
10212
10579
10214
9224
10212
10219
10220
10217
10220
10211
10588
10223
10220
10221
10228
10229
10230
10231
10232
10221
10232
9242
11223
10235
10236
10146
10238
10239
10236
10597
10238
10240
10246
10247
10155
10250
10214
10247
10606
10241
10249
10255
10256
10257
10259
10260
6300
10257
10260
9270
10264
10265
10266
10354
10264
10265
10268
9278
10266
10261
10274
10275
10298
6317
10274
10633
10273
10275
10280
10271
10284
10286
10308
10283
10286
9296
10284
10289
10291
10281
10295
10293
10318
10295
9305
10293
9940
10297
10301
10302
6344
10301
10304
9314
10302
9949
10310
10307
10308
10313
10320
10679
9323
10311
10316
10319
10320
10317
10322
6353
10322
9332
10348
9967
10328
10329
10330
10331
10328
10329
9341
10330
9976
10333
10334
10335
10334
10337
10338
10331
10339
10343
10346
10347
10348
10350
10346
10347
10350
9360
9994
10355
10356
10387
6398
10355
10354
9368
10356
10351
10364
10365
10360
6407
10364
10367
9377
10365
10372
10361
10374
10282
10398
10373
10376
9386
10374
10379
10380
10371
10291
10380
10408
10385
9395
10383
10388
10021
10388
10389
10389
10391
10394
9404
10392
10397
10040
10397
10398
10310
10399
10400
10770
10401
10409
10407
10410
10407
10319
10401
10412
9422
10438
10418
10058
10415
10416
10328
10416
10419
9431
10420
10424
10067
10424
10425
10430
10425
10428
10421
10429
10436
10076
10433
10434
10346
10434
10437
10436
9450
10445
10441
10442
10445
10355
10536
10448
10445
10446
10441
10094
10451
10450
10364
10545
10457
9467
10455
10462
10463
10464
10463
10373
10554
10466
10463
10464
10471
10472
10469
10472
10382
10498
10475
10472
10473
10478
10481
10478
10482
10391
10572
10484
10481
10482
10490
10486
10487
10491
10481
10581
10490
10492
10491
10499
10500
10496
10497
10500
10410
10502
10500
11493
10505
10506
10149
10506
10509
10505
10600
9521
10510
10517
10518
10158
10515
10520
10493
10609
10511
10519
10526
10527
10523
10524
10529
10530
10525
10530
9540
10535
10536
10532
10567
10536
6488
10538
10535
10807
10531
10545
10541
10544
10577
6497
10547
10544
10816
10550
10541
10194
10555
10556
10587
10556
9566
10825
10561
10562
10563
10564
10565
10473
10565
9575
10834
10568
10571
10572
10569
10574
6524
10574
9584
10843
10580
10578
10581
10578
10571
6533
10583
9593
10852
10589
10590
10586
10587
10590
10581
10592
10590
11583
10598
10599
10600
10596
10599
10600
6542
10599
10880
10607
10608
10609
10605
10610
10583
10608
10601
10889
10616
10617
10618
10614
10619
10620
6570
10620
9630
10630
10626
10627
10267
10626
6578
10626
10718
10627
10633
10635
10636
10634
10637
10634
10635
9647
10636
10640
10631
10645
10643
10644
10677
10644
9656
10645
10649
10650
10641
10652
10653
10650
10687
9665
10654
10658
10661
10662
10663
10664
10661
10662
9674
10663
10667
10668
10671
10672
10661
6623
10671
10698
10672
10679
10680
10676
10677
10680
10671
10678
10680
10681
10688
10689
10690
10686
10689
10691
10681
9701
10709
10697
10698
10699
10700
10340
10697
10698
10699
10700
10706
10707
10708
10709
10707
10710
10707
10708
9720
10715
10716
10717
10747
10358
10715
10716
10714
10717
10723
10725
10726
10727
10757
10724
10725
10637
10726
10732
10721
10735
10736
10376
10767
10734
10646
10735
10741
10740
10731
10745
10385
10740
10777
10655
10744
10748
10751
10752
10753
10394
10751
10752
10664
10753
10760
10756
10761
10762
10751
6713
10761
10760
10762
10769
10770
10766
10767
10772
10761
10768
10682
10771
10778
10779
10780
10776
10781
10778
10771
10691
10799
10787
10788
10789
10790
10754
10421
10788
10789
10790
10796
10797
10798
10799
10800
10796
10797
10798
10710
10805
10806
10807
10808
10809
10805
10806
10809
9819
10801
10815
10816
10817
10818
10814
10815
10818
9828
10822
10823
10825
10826
10827
10857
10824
10827
9837
10831
10832
10821
10835
10836
10834
10867
10836
9846
10838
10841
10842
10843
10845
6885
10842
10845
9855
10850
10848
10851
10852
10841
6894
10851
10850
9864
10859
10860
10856
10857
10860
10851
10870
10863
10860
10868
10869
10870
10866
10871
10872
6903
10872
9882
10877
10878
10879
10880
10844
10881
6912
10879
9891
10886
10887
10888
10889
10890
10886
6921
10888
10881
10895
10896
10894
10927
10899
6939
10898
10899
9909
10891
10905
11269
10907
10937
10904
10907
10908
9918
10910
10901
11278
10916
10917
10947
10916
10917
9927
10921
10922
10923
10925
10926
10922
10957
10926
9936
10928
10931
10932
10921
10935
10931
10934
10967
9945
10940
10936
10941
10940
10931
6984
10943
10940
10943
10949
10950
10946
10949
10950
10941
10952
10953
10950
10958
10959
10960
10958
10961
10962
10959
10962
9972
10967
10968
10969
10970
10966
10967
10968
10961
10968
10976
10977
10978
10979
10980
10976
10977
10980
10971
10985
10986
11008
10988
10989
7029
10988
10989
9999
10900
10995
10990
11360
11027
10994
10997
10998
10008
10909
11003
10999
11369
11004
11037
11001
11007
11003
10918
11012
11013
11015
11016
11012
11015
11016
10026
11020
11021
11022
11011
11025
11021
11024
11025
10035
10936
11028
11031
11030
11021
7074
11033
11030
11033
10945
11040
11036
11039
11040
11031
11042
11043
11040
10954
11049
11050
11044
11051
11052
7083
11052
10062
10963
11058
11059
11060
11024
11061
7092
11051
10071
10972
11067
11068
11069
11070
11066
11067
11070
11061
10981
11076
11098
11078
11079
11075
11078
11079
10089
11071
11085
11083
11108
11088
11084
11087
11088
10098
11090
11000
11092
11093
11460
11127
11096
11097
11093
11099
11009
11103
11099
11106
11102
11137
11106
10116
11110
11018
11112
11101
11115
11111
11110
11147
10125
11119
11120
11121
11120
11111
7164
11123
11120
11157
11126
11036
11217
11129
11126
11129
11132
11129
11132
11135
11045
11140
11138
11141
11142
11139
11142
10152
11146
11147
11149
11150
11146
11151
11148
11141
10161
11155
11156
11158
11159
11160
11156
11157
11160
11151
11162
11072
11188
11168
11169
7209
11168
11169
10179
11161
11081
11170
11198
11178
7218
11177
11178
10188
11180
11171
11182
11180
11208
7227
11186
11187
10197
11189
11191
11192
11195
11196
7236
11195
11196
10206
11200
11199
11201
11191
11205
7245
11204
11205
10215
11209
11210
11207
11210
11201
7254
11213
11214
10224
11218
11219
11220
11219
11220
11211
11222
11223
11220
11225
11226
11136
11228
11231
11232
7263
11232
10242
11236
11237
11145
11240
11236
11241
7272
11231
10251
11245
11246
11247
11249
11250
11214
11247
11250
11241
11254
11255
11256
11344
11259
11255
11258
11259
10269
10893
11264
11265
11288
11268
11264
11267
11268
10278
11270
11261
11274
11270
11298
7317
11632
11277
10287
11279
11280
11271
11285
11286
11308
11285
11286
10296
10930
11287
11291
11292
11295
7335
11294
11327
10305
10939
11300
11299
11301
11291
7344
11669
11302
11303
11306
11309
11310
11307
11310
11301
11678
11313
11310
10957
11314
11319
11320
11321
11322
7353
11322
10332
10966
11323
11324
11329
11324
11329
7362
11321
11328
10975
11336
11337
11338
11340
11336
11337
11696
11331
11342
11345
11346
11377
11349
11345
11348
11349
10359
11341
11354
11355
11263
11358
11354
11357
11358
10368
11362
11351
11364
11272
11388
11363
11366
11367
10377
11369
11370
11361
11281
11376
11398
11375
11376
10386
11378
11011
11381
11382
11385
7425
11384
11385
10395
11387
11030
11387
11388
11300
7434
11390
11760
10404
11399
11039
11400
11397
11309
11391
11399
11403
11400
11408
11048
11409
11410
11318
11410
7443
11412
10422
11417
11057
11414
11419
11327
11421
7452
11417
10431
11423
11066
11427
11428
11336
11394
11427
11430
11421
11435
11431
11436
11435
11345
7479
11438
11435
11438
11431
11084
11445
11440
11354
7488
11443
11444
10458
11452
11453
11454
11453
11363
7497
11456
11453
11456
11461
11462
11451
11462
11372
11488
11465
11466
10476
11468
11471
11470
11472
11381
7515
11474
11475
10485
11480
11476
11479
11481
11471
7524
11480
11484
10494
11489
11490
11486
11487
11490
11400
11492
11490
11492
11495
11496
11139
11496
11499
11409
7533
11502
10512
11507
11508
11148
11509
11510
11507
7542
11501
11878
11516
11517
11513
11514
11517
11427
11608
11520
11517
11525
11526
11522
11557
11526
11436
11528
11529
11526
11521
11535
11531
11534
11567
11445
11537
11538
11535
11540
11531
11184
11543
11544
11577
11546
11547
11544
11549
11550
11541
11552
11553
11463
11555
11556
10566
11558
11561
11562
11559
11562
11472
11564
11565
11562
11570
11568
11571
11568
11561
11481
11570
11574
11571
11579
11580
11576
11577
11580
11571
11582
11580
11582
11588
11589
11590
11230
11589
11590
11500
11592
11590
11597
11598
11599
11595
11600
11599
11509
11591
11599
11606
11607
11608
11604
11609
11610
11583
11610
11601
11615
11616
11617
11615
11618
11619
11616
11619
10629
11623
11625
11626
11624
11657
11628
7578
11628
10638
11630
11621
11635
11633
11636
11667
11634
11637
10647
11639
11640
11631
11642
11645
11646
11677
11646
10656
11648
11651
11652
11653
11654
11655
11652
11655
10665
11657
11658
11661
11662
11656
11664
11661
11664
10674
11669
11670
11666
11671
11670
11661
7623
11670
11672
11678
11679
11680
11676
11679
11680
11671
11682
11680
11687
11688
11689
11690
11688
11663
11691
7632
10701
11696
11697
11698
11699
11697
11700
11697
11698
11691
11705
11706
11707
11705
11348
11707
7659
11704
10719
11701
11715
11716
11717
11747
11718
7668
11627
10728
11722
11723
11725
11726
11366
11757
11724
11636
10737
11731
11732
11733
11735
11733
11734
7686
11645
11733
11738
11741
11742
11743
11742
11745
11742
11654
10755
11750
11746
11751
11752
11753
11754
11751
11663
10764
11759
11760
11756
11761
11762
11751
7713
11672
10773
11768
11769
11770
11766
11771
11770
11761
11681
10782
11777
11778
11779
11780
11778
11411
11781
7722
10791
11786
11787
11788
11789
11790
11786
11787
11788
11700
11795
11796
11797
11827
11799
11439
11796
11799
11709
11791
11805
11806
11807
11837
11804
11805
11808
11718
11812
11813
11815
11816
11817
11847
11814
11817
11727
11821
11822
11823
11825
11826
11466
11857
11826
11736
11828
11831
11832
11833
11835
11831
11832
11835
11745
11840
11836
11841
11842
11831
11484
11841
11844
11754
11849
11850
11846
11851
11850
11841
7803
11853
11850
11858
11859
11860
11856
11861
11862
11851
11862
11772
11867
11868
11869
11870
11834
11869
11502
11869
11781
11876
11877
11878
11879
11877
11844
11877
11878
11871
