1
2
3
4
5
6
7
8
9
10
11
12
13
14
1
20
18
15
18
19
22
18
22
23
26
22
26
27
30
16
32
33
30
33
36
37
33
37
40
41
37
41
46
47
48
60
46
47
50
46
50
51
54
50
54
55
4
57
58
63
58
61
64
65
61
65
68
69
65
69
75
19
72
75
61
73
78
75
78
79
82
78
82
83
89
90
86
89
90
76
92
93
90
93
96
97
93
97
103
104
105
103
106
107
108
120
106
107
110
106
110
111
117
118
119
117
64
117
118
116
118
121
120
125
121
125
131
132
133
131
132
79
132
135
131
133
138
135
140
136
145
146
147
148
149
150
94
149
150
136
152
153
150
153
159
160
161
162
163
164
165
109
162
163
164
180
166
167
173
174
175
176
177
178
179
177
124
177
178
176
178
181
187
188
189
190
191
192
193
191
192
139
192
195
191
193
201
202
203
204
205
206
207
205
206
207
154
209
210
206