1
2
3
4
5
6
7
8
9
10
11
12
13
14
1
20
18
15
18
19
22
18
22
23
26
22
26
27
30
16
32
33
30
33
36
37
33
37
40
41
37
41
46
47
48
60
46
47
50
46
50
51
54
50
54
55
4
57
58
63
58
61
64
65
61
65
68
69
65
69
75
19
72
75
61
73
78
75
78
79
82
78
82
83
89
90
86
89
90
76
92
93
90
93
96
97
93
97
309
99
100
103
106
107
108
120
106
107
110
106
110
111
117
118
119
117
64
117
118
116
118
121
120
125
121
125
131
132
133
131
132
79
132
135
131
133
138
135
140
136
145
146
147
148
149
150
94
149
150
136
152
153
150
153
365
160
161
162
163
164
165
109
162
163
164
180
166
167
173
174
175
176
177
178
179
177
124
177
178
176
178
181
187
188
189
190
191
192
193
191
192
139
192
195
191
193
201
202
203
204
205
206
207
205
206
207
154
209
210
206
421
211
253
1051
214
215
213
214
218
219
217
218
222
223
15
230
225
227
228
229
227
231
232
233
231
235
236
237
29
226
239
243
240
243
241
247
243
247
245
251
247
251
43
257
258
270
256
257
260
256
260
261
264
260
264
265
57
271
272
267
275
276
270
273
274
275
273
277
278
279
71
229
282
281
284
283
284
287
290
286
287
291
294
290
85
300
296
299
300
286
302
303
300
303
306
307
303
307
312
314
315
259
312
313
314
330
316
317
320
316
320
321
326
328
329
327
274
327
328
326
328
331
330
335
331
335
127
342
343
344
345
341
342
345
331
350
348
345
348
349
141
356
357
355
356
357
304
359
360
356
362
363
360
363
368
370
371
372
373
374
375
319
372
373
374
390
376
377
382
384
385
386
387
388
389
387
334
387
388
386
388
391
396
398
399
400
401
402
403
401
402
349
402
405
401
403
197
412
413
414
415
416
417
418
419
420
416
419
420
406
424
426
463
423
424
425
423
427
428
429
427
431
432
433
437
440
438
478
438
439
442
438
442
443
446
442
446
447
450
240
452
450
452
453
456
452
456
457
460
456
460
461
464
254
468
464
466
467
470
466
470
471
474
470
474
475
480
268
482
466
495
481
480
537
481
485
483
489
485
489
492
282
496
495
492
500
498
495
498
499
502
498
502
503
506
296
454
509
506
509
512
509
512
513
516
512
516
517
522
310
525
469
522
523
524
540
526
527
530
526
530
531
534
324
539
537
534
537
538
536
538
541
540
545
541
545
550
551
553
551
552
499
552
555
551
553
558
555
560
556
562
352
567
568
569
570
566
569
570
556
572
573
570
573
578
366
581
582
583
584
585
529
582
583
584
600
586
587
590
380
595
596
597
598
599
597
544
597
598
596
598
601
604
394
609
607
604
612
613
611
612
559
612
615
611
613
618
408
623
624
625
626
627
625
626
627
574
629
630
626
632
422
673
635
632
635
633
639
635
639
637
643
639
643
647
436
648
688
648
1487
652
648
652
653
656
652
656
657
660
646
662
663
703
663
666
667
663
667
670
671
667
671
674
675
465
677
675
677
680
681
677
681
684
685
681
685
688
689
479
687
689
691
694
695
691
695
698
699
695
699
704
705
493
705
691
720
708
705
762
709
712
708
712
713
716
717
507
719
720
717
722
723
720
723
726
727
723
727
732
731
521
679
734
731
734
750
734
737
740
741
737
741
744
745
535
747
748
745
748
746
748
751
754
755
751
755
758
759
549
761
762
759
762
765
761
763
768
765
770
766
772
773
563
778
779
780
724
779
780
766
782
783
780
783
788
787
577
792
793
787
1628
739
796
797
798
810
796
797
802
803
591
806
807
808
1642
807
754
807
808
806
808
811
814
815
605
820
821
822
823
821
822
769
822
825
821
823
828
829
619
831
832
829
837
835
836
837
784
839
840
836
855
841
842
841
844
845
848
844
848
849
852
848
852
853
3
870
856
859
856
859
862
863
859
863
866
867
863
867
17
869
874
870
872
873
876
872
876
877
880
876
880
881
31
885
871
887
885
887
890
891
887
891
894
895
891
895
60
897
901
902
915
901
1755
957
901
905
903
909
905
909
74
911
912
913
912
914
918
915
918
919
922
918
922
923
88
925
930
927
930
916
932
933
930
933
936
937
933
937
102
943
944
945
1153
943
944
943
946
947
950
946
950
951
116
953
954
955
1167
957
958
946
958
961
964
965
961
965
130
967
972
973
972
919
972
975
971
973
978
975
980
976
144
981
986
987
989
990
934
989
990
976
992
993
990
993
158
995
996
997
1209
999
1000
949
1002
1003
1004
1020
1006
1007
172
1009
1010
1011
1223
1018
1019
1017
964
1017
1018
1016
1018
1021
186
1023
1028
1029
1237
1032
1033
1031
1032
979
1032
1035
1031
1033
200
1037
1042
1043
1045
1046
1047
1045
1046
1047
994
1049
1050
1046
1052
1055
1056
844
1059
1060
1054
1057
1058
1059
1057
1061
1062
1063
1068
1080
1066
858
1066
1069
1072
1073
1069
1073
1076
1077
1073
1077
1080
228
1095
1079
1123
1088
1082
1085
1086
1087
1085
1089
1090
1091
1094
242
1094
1093
1095
1138
1096
1101
1097
1101
1099
1105
1101
1105
1054
256
1108
1109
1109
1111
1114
1115
1111
1115
1118
1119
1115
1119
1125
285
1122
1123
915
1124
1125
1127
1128
1129
1127
1131
1132
1133
1136
299
1136
1137
1135
1137
1139
1143
1140
1143
1141
1147
1143
1147
1150
313
1150
1151
1149
1151
1154
1170
1156
1157
1160
1156
1160
1161
1164
327
1164
1165
1163
1165
1168
1167
1168
1171
1170
1175
1171
1175
1178
341
1178
1179
1184
1179
1182
1185
1171
1190
1188
1185
1188
1189
1192
355
1192
1197
1191
1200
1144
1199
1200
1186
1202
1203
1200
1203
1209
369
1206
1207
1212
1214
1215
1159
1212
1213
1214
1230
1216
1217
1220
383
1220
1221
1226
1228
1229
1227
1174
1227
1228
1226
1228
1231
1234
397
1238
1239
1240
1242
1243
1241
1242
1189
1242
1245
1241
1243
1248
411
1252
1253
1254
1256
1257
1258
1259
1260
1256
1259
1260
1246
1265
1261
1262
1265
1055
1270
1268
1265
1268
1269
1272
1268
1272
1273
1278
439
1280
1279
1069
1284
1282
1279
1282
1283
1286
1282
1286
1287
1292
1293
1305
1293
1083
1291
1296
1293
1296
1297
1300
1296
1300
1301
1304
1305
453
1307
1304
1348
1310
1307
1310
1311
1314
1310
1314
1315
1318
1321
1318
1319
1111
1326
1324
1321
1324
1325
1328
1324
1328
1329
1335
1279
1332
1333
1321
1334
1335
1378
1338
1339
1337
1341
1342
1343
1349
1350
510
1347
1350
1140
1352
1350
1352
1353
1356
1352
1356
1357
1363
1364
1360
1361
1323
1363
1368
1380
1366
1367
1370
1366
1370
1371
1377
1378
1374
1375
1378
1168
1376
1377
1395
1379
1380
1383
1384
1385
1388
1389
552
1389
1392
1388
1390
1395
1392
1393
1398
1395
1400
1396
1402
1403
566
1403
1408
1409
1404
1409
1410
1396
1412
1413
1410
1413
1419
1420
1416
1421
1422
1423
1425
1369
1422
1423
1424
1440
1426
1427
1433
1434
1430
1435
1436
1437
1439
1437
1384
1437
1438
1436
1438
1441
1447
1448
1444
1445
1448
1238
1453
1451
1448
1451
1452
1455
1451
1453
1461
1462
622
1463
1462
1252
1467
1465
1466
1467
1414
1469
1470
1466
1475
1476
1472
1475
1476
1266
1478
1479
1476
1479
1482
1483
1479
1483
1488
1490
1486
1489
1490
1280
1492
1493
1490
1493
1496
1497
1493
1497
1500
1486
664
1503
1504
1294
1506
1507
1504
1507
1510
1511
1507
1511
1516
1517
1518
1517
1518
1308
1520
1521
1518
1521
1524
1525
1521
1525
1528
1531
1532
1529
1532
1322
1534
1535
1532
1535
1538
1539
1535
1539
1545
1543
1546
1543
1531
1336
1548
1549
1546
1549
1552
1553
1549
1553
1559
1560
1556
1557
1560
1546
1562
1560
1603
1563
1566
1562
1566
1567
1573
1574
1575
1571
1533
1575
1365
1590
1575
1577
1580
1581
1577
1581
1587
1588
1589
1585
1588
1589
1379
1587
1589
1591
1594
1595
1591
1595
1601
1602
1603
1599
1602
1603
1393
1605
1602
1620
1608
1605
1608
1609
1615
1616
1617
777
1616
1617
1407
1619
1620
1617
1622
1623
1620
1623
1629
1630
1631
1627
1632
1631
1421
1579
1636
1631
1634
1650
1636
1637
1643
1644
1645
1641
1646
1647
1435
1647
1594
1647
1648
1646
1648
1651
1657
1658
1659
1655
1660
1661
1662
1661
1662
1609
1662
1665
1661
1663
1671
1672
1673
1669
1672
1673
1463
1675
1676
1673
1676
1679
1680
1676
1685
1686
1687
847
1684
1685
1686
1685
1688
1689
1692
1688
1692
1693
1681
1710
1696
1695
1698
1699
1700
1912
1702
1703
1706
1702
1706
1707
1712
1713
1715
875
1712
1713
1714
1713
1716
1717
1720
1716
1720
1721
1726
1725
1711
889
1728
1725
1728
1731
1728
1731
1734
1735
1731
1735
1684
1737
1738
1739
1738
1741
1742
1741
1744
1745
1748
1744
1748
1749
1755
1751
1752
1753
1741
1770
1756
1968
1758
1759
1762
1758
1762
1763
1769
1770
1714
1767
917
1769
1768
1770
1772
1773
1776
1772
1776
1777
1783
1784
1785
1781
931
1785
1771
1787
1785
1787
1790
1791
1787
1791
1797
1798
1799
1800
1798
1758
1798
1799
1815
1801
2655
1857
1801
1805
1811
1812
1813
1814
974
1815
1773
1813
2025
1814
1818
1815
1818
1819
1825
1826
1827
1828
988
1825
1830
1788
1830
1816
1832
1833
1830
1833
1839
1840
1841
1842
1002
1839
1840
1841
2053
1843
1844
1843
1846
1847
1853
1854
1855
1856
1016
1857
1858
1859
2067
1857
1858
1846
1858
1861
1867
1868
1869
1870
1030
1871
1872
1873
2081
1819
1872
1875
1871
1873
1881
1882
1883
1884
1044
1881
1886
1887
2095
1890
1834
1889
1890
1876
1895
1896
1897
1895
1058
1895
1896
1894
1896
1899
1898
1903
1899
1903
1891
1920
1911
1905
1072
1909
1910
1908
1910
1913
1912
1915
1913
1917
1922
1923
1925
1923
1086
1923
1924
1922
1924
1927
1926
1931
1927
1931
1934
1935
1921
1937
1938
1935
1938
1936
1938
1941
1944
1945
1941
1945
1894
1947
1948
1949
1114
1951
1952
1744
1952
1955
1954
1957
1955
1959
1965
1909
1962
1963
1951
1980
1966
1965
1966
1969
1968
1971
1972
1973
1979
1980
1924
1977
1980
1128
1978
1979
2023
1983
1982
1987
1983
1987
1993
1994
1995
1991
1994
1995
1981
1993
1995
1997
2000
2001
1997
2001
2007
2008
2009
2010
1954
1156
2008
2009
2009
2011
2014
2015
2011
2015
2021
2022
2023
2024
2022
1185
2022
2023
2021
2024
2025
2027
2030
2026
2035
2036
2037
2038
2036
2037
2040
2037
2041
2026
2042
2043
2040
2043
2049
2050
2051
2052
2050
1213
2050
2051
2049
2051
2054
2070
2056
2057
2063
2064
2065
2066
2064
1227
2064
2065
2063
2065
2068
2067
2068
2071
2077
2078
2079
2080
2078
1241
2078
2079
2077
2079
2082
2085
2071
2083
2091
2092
2093
2094
2092
1255
2096
2097
2091
2097
2044
2099
2100
2096
2105
2106
2107
2108
2109
2105
2106
2109
1899
2114
2112
2109
2112
2113
2101
2120
2121
2119
2120
1283
2120
2123
2119
2121
2126
2123
2128
2124
2130
2116
2135
2136
2137
2133
2134
2137
1927
2142
2140
2137
2140
2141
2146
2147
2148
2150
2151
1311
2148
2151
1941
2149
2154
2151
2154
2155
2104
2161
2162
2163
2162
1325
2162
2165
2161
2163
2168
2165
2170
2166
2175
2119
2176
2177
2161
1339
2176
2175
2178
2177
2178
2181
2184
2180
2189
2190
2186
2187
2190
2176
2205
2193
2190
2198
2196
2193
2196
2197
2203
2204
2205
2201
2206
2207
1353
2207
1997
2248
2210
2207
2210
2211
2217
2218
2219
2220
2164
2221
1367
2219
2011
2220
2224
2221
2224
2225
2231
2232
2233
2234
2235
2179
2232
2233
2221
2234
2235
2278
2238
2239
2245
2246
2247
2248
2249
2250
1410
2247
2250
2040
2252
2250
2252
2253
2259
2260
2261
2262
2263
2264
1424
2261
2223
2263
2262
2280
2266
2267
2273
2274
2275
2276
2277
2278
1438
2275
2278
2068
2276
2277
2295
2279
2287
2288
2289
2290
2291
2292
1452
2289
2292
2082
2290
2295
2292
2293
2301
2302
2303
2304
2305
2306
1466
2307
2306
2096
2254
2309
2306
2309
2315
2316
2317
2318
2319
2320
2316
2319
2320
2110
2322
2323
2320
2323
2328
2330
2331
2332
2333
2334
2330
2333
2334
2124
2336
2337
2334
2337
2340
2326
2345
2343
2340
2348
1508
2347
2348
2138
2350
2351
2348
2351
2354
2355
2341
2360
2361
2362
1522
2361
2362
2152
2364
2365
2362
2365
2368
2371
2372
2373
2375
2376
2372
2375
2376
2166
2378
2379
2376
2379
2385
2329
2386
2387
2371
2390
1550
2389
2390
2180
2392
2393
2390
2393
2399
2400
2398
2401
2400
2386
1564
2403
2400
2403
2406
2403
2406
2407
2413
2414
2415
2411
2414
2415
2401
2417
2418
2415
2420
2421
2418
2421
2427
2428
2429
2430
2374
2427
2432
2429
2432
2222
2434
2435
2432
2435
2441
2442
2443
2444
2442
2389
2444
1592
2441
2443
2445
2488
2446
2449
2455
2456
2457
2458
2459
2460
2404
2457
2460
2446
2462
2460
2503
2463
2469
2470
2471
2472
2473
2474
2475
2471
2433
2475
2265
2490
2475
2477
2483
2484
2485
2486
2487
2488
2489
2485
2488
2489
2279
2487
2489
2491
2497
2498
2499
2500
2501
2502
2503
1663
2504
2505
2293
2505
2491
2520
2511
2512
2513
2514
2515
2516
2517
2513
2516
2517
2307
2519
2520
2517
2525
2526
2527
2528
2529
2530
2531
1691
2528
2529
2530
2529
2532
2533
2521
2550
2536
2542
2543
2544
2545
1705
2542
2543
2544
2756
2546
2547
2552
2553
2555
2556
2557
2558
2559
1719
2556
2557
2558
2557
2560
2561
2566
2565
2551
2570
2571
2565
2568
1733
2570
2571
2572
2784
2574
2575
2524
2577
2578
2579
2585
2586
2587
1747
2584
2585
2586
2585
2588
2589
2595
2591
2592
2593
2581
2610
2601
1761
2598
2599
2600
2812
2602
2603
2609
2610
2554
2607
2612
2613
2615
1775
2612
2613
2614
2613
2616
2617
2623
2624
2625
2621
2626
2627
2611
1789
2626
2627
2628
2840
2630
2631
2637
2638
2639
2640
2584
2637
2638
2639
2638
2641
2642
2641
2644
2645
2651
2652
2653
2654
2655
2599
2652
2653
2641
2670
2656
2868
2658
2659
2665
2666
2667
2668
2669
2670
2614
2667
1817
2669
2668
2882
2672
2673
2679
2680
2681
2682
2683
2684
2685
2681
1831
2686
2671
2896
2686
2687
2693
2694
2695
2696
2697
2698
2699
2700
2698
2658
2698
2699
2715
2701
2707
2708
2709
2710
2711
2712
2713
2714
1874
2715
2673
2713
2925
2714
2721
2722
2723
2724
2725
2726
2727
2728
1888
2725
2730
2688
2939
2716
2735
2736
2737
2738
2739
2740
2741
2739
1902
2739
2740
2738
2740
2743
2731
2750
2751
2752
2753
2754
2755
2753
1916
2753
2754
2752
2754
2757
2762
2763
2765
2766
2767
2768
2769
2767
1930
2767
2768
2766
2768
2771
2776
2777
2761
2780
2781
2782
2783
2781
1944
2781
2782
2780
2782
2785
2734
2791
2792
2793
2795
2796
2797
2795
1958
2795
2796
2794
2796
2799
2805
2749
2802
2803
2791
2810
2811
2809
1972
2809
2810
2808
2810
2813
2819
2820
2764
2817
2822
2823
2825
2823
1986
2823
2824
2822
2824
2827
2833
2834
2835
2831
2836
2837
2838
2837
2000
2837
2838
2836
2838
2841
2847
2848
2849
2850
2794
2847
2848
2849
2014
2851
2852
2644
2852
2855
2861
2862
2863
2864
2862
2809
2862
2863
2861
2880
2866
2865
2866
2869
2875
2876
2877
2878
2879
2880
2876
2877
2880
2028
2895
2879
2923
2883
2889
2890
2891
2892
2893
2894
2895
2891
2894
2042
2894
2893
2895
2897
2903
2904
2905
2906
2907
2908
2909
2910
2854
2056
2908
2909
2909
2911
2917
2918
2919
2920
2921
2922
2923
2924
2922
2085
2922
2923
2921
2924
2931
2932
2933
2934
2935
2936
2937
2938
2936
2099
2940
2898
2935
2926
2945
2946
2947
2948
2949
2950
2951
2949
2950
2113
2950
2953
2949
2951
2941
2960
2961
2955
2963
2964
2965
2963
2964
2127
2964
2967
2757
2965
2972
2973
2975
2976
2977
2978
2979
2977
2978
2141
2978
2981
2977
2979
2984
2985
2971
2990
2991
2992
2993
2991
2992
2155
2992
2995
2991
2993
2944
2997
3002
3003
3005
3006
3007
3005
3006
2169
3006
3009
2799
3007
3015
2959
3016
3017
3001
3020
3021
3022
3023
2183
3020
3023
2813
3021
3026
3027
2974
3027
3032
3033
3035
3033
3034
2197
3034
3037
3033
3035
3043
3044
3045
3041
3046
3047
3048
3047
3048
2211
3048
3051
3047
3049
3057
3058
3059
3060
3004
3061
3062
3063
3062
2225
3062
3065
3061
3063
3071
3072
3073
3074
3075
3019
3076
3077
3061
2239
3076
3079
2869
3077
3085
3086
3087
3088
3086
3087
3034
3087
3090
3086
3105
3093
3090
3091
3099
3100
3101
3102
3103
3104
3105
3101
3104
3105
2253
3107
3104
3148
3113
3114
3115
3116
3117
3118
3119
3120
3064
3121
2267
3119
2911
3120
3127
3128
3129
3130
3131
3132
3133
3134
3132
3079
3132
3133
3131
3134
3141
3142
3143
3144
3145
3146
3147
3148
3149
3150
2310
3147
3150
2940
3155
3156
3157
3158
3159
3160
3161
3162
3163
3164
3160
3163
3164
2954
3151
3170
3171
3172
3173
3174
3175
3173
3174
3175
2338
3177
3178
3174
3180
3166
3185
3186
3187
3188
3189
3190
3191
3192
3188
3191
3192
2982
3194
3195
3181
3200
3201
3202
3203
3204
3205
3206
2366
3205
3206
2996
3154
3211
3212
3213
3215
3216
3217
3215
3216
3217
2380
3219
3220
3216
3225
3169
3226
3227
3211
3230
3231
3229
3230
3231
2394
3233
3234
3230
3239
3240
3184
3237
3240
3226
3245
3246
3247
3248
3244
3247
3248
3038
3253
3254
3255
3199
3256
3257
3258
3260
3261
3262
2422
3261
3262
3052
3267
3268
3269
3270
3214
3267
3272
3273
3275
3276
2436
3275
3276
3066
3281
3282
3283
3284
3282
3229
3282
3287
3281
3290
2450
3289
3290
3080
3295
3296
3297
3298
3296
3297
3244
3297
3302
3303
3298
3303
3304
3094
3309
3310
3311
3312
3310
3311
3312
3259
3314
3315
3311
3317
3318
3315
3323
3324
3325
3326
3327
3328
3329
3330
3274
3327
3332
2478
3332
3122
3337
3338
3339
3340
3341
3342
3343
3344
3342
3343
3344
2492
3341
3343
3351
3352
3353
3354
3355
3356
3357
3358
3356
3357
3304
3357
3360
3356
